POSTE;NOM;ALT;DATE;RR_RRMOY;T_TMMOY
01089001;AMBERIEU;250;01;84,9;3,2
01089001;AMBERIEU;250;02;70,0;4,2
01089001;AMBERIEU;250;03;75,0;8,0
01089001;AMBERIEU;250;04;87,2;11,3
01089001;AMBERIEU;250;05;106,4;15,2
01089001;AMBERIEU;250;06;88,8;19,0
01089001;AMBERIEU;250;07;86,0;21,1
01089001;AMBERIEU;250;08;83,0;20,9
01089001;AMBERIEU;250;09;106,1;16,7
01089001;AMBERIEU;250;10;117,7;12,6
01089001;AMBERIEU;250;11;117,9;7,1
01089001;AMBERIEU;250;12;94,5;3,9
01089001;AMBERIEU;250;13;1117,5;11,9
02320001;ST QUENTIN;98;01;54,1;3,6
02320001;ST QUENTIN;98;02;48,0;4,2
02320001;ST QUENTIN;98;03;51,3;7,2
02320001;ST QUENTIN;98;04;43,2;10,0
02320001;ST QUENTIN;98;05;57,1;13,4
02320001;ST QUENTIN;98;06;59,8;16,2
02320001;ST QUENTIN;98;07;60,2;18,4
02320001;ST QUENTIN;98;08;70,8;18,4
02320001;ST QUENTIN;98;09;51,4;15,2
02320001;ST QUENTIN;98;10;60,3;11,4
02320001;ST QUENTIN;98;11;56,8;6,9
02320001;ST QUENTIN;98;12;70,4;4,1
02320001;ST QUENTIN;98;13;683,4;10,8
03060001;VICHY-CHARMEIL;249;01;48,1;4,0
03060001;VICHY-CHARMEIL;249;02;37,5;4,6
03060001;VICHY-CHARMEIL;249;03;43,5;7,8
03060001;VICHY-CHARMEIL;249;04;68,5;10,5
03060001;VICHY-CHARMEIL;249;05;88,4;14,4
03060001;VICHY-CHARMEIL;249;06;72,7;18,1
03060001;VICHY-CHARMEIL;249;07;75,7;20,2
03060001;VICHY-CHARMEIL;249;08;76,1;20,1
03060001;VICHY-CHARMEIL;249;09;68,3;16,2
03060001;VICHY-CHARMEIL;249;10;70,2;12,6
03060001;VICHY-CHARMEIL;249;11;70,1;7,5
03060001;VICHY-CHARMEIL;249;12;50,0;4,6
03060001;VICHY-CHARMEIL;249;13;769,1;11,7
04049001;ST AUBAN;458;01;48,2;4,9
04049001;ST AUBAN;458;02;35,9;5,8
04049001;ST AUBAN;458;03;44,7;9,2
04049001;ST AUBAN;458;04;64,8;12,0
04049001;ST AUBAN;458;05;63,9;16,0
04049001;ST AUBAN;458;06;53,5;20,2
04049001;ST AUBAN;458;07;35,7;23,1
04049001;ST AUBAN;458;08;50,7;22,8
04049001;ST AUBAN;458;09;73,7;18,4
04049001;ST AUBAN;458;10;88,0;14,0
04049001;ST AUBAN;458;11;96,2;8,7
04049001;ST AUBAN;458;12;58,9;5,2
04049001;ST AUBAN;458;13;714,2;13,4
05046001;EMBRUN;873;01;51,0;2,4
05046001;EMBRUN;873;02;42,9;3,4
05046001;EMBRUN;873;03;49,5;7,2
05046001;EMBRUN;873;04;57,0;10,2
05046001;EMBRUN;873;05;69,3;14,1
05046001;EMBRUN;873;06;61,1;18,0
05046001;EMBRUN;873;07;49,2;20,6
05046001;EMBRUN;873;08;52,1;20,5
05046001;EMBRUN;873;09;64,6;16,1
05046001;EMBRUN;873;10;81,8;11,8
05046001;EMBRUN;873;11;84,6;6,4
05046001;EMBRUN;873;12;69,5;2,9
05046001;EMBRUN;873;13;732,6;11,1
05183001;VILLAR ST PANCRACE;1310;01;;
05183001;VILLAR ST PANCRACE;1310;02;;
05183001;VILLAR ST PANCRACE;1310;03;;
05183001;VILLAR ST PANCRACE;1310;04;;
05183001;VILLAR ST PANCRACE;1310;05;;
05183001;VILLAR ST PANCRACE;1310;06;;
05183001;VILLAR ST PANCRACE;1310;07;;
05183001;VILLAR ST PANCRACE;1310;08;;
05183001;VILLAR ST PANCRACE;1310;09;;
05183001;VILLAR ST PANCRACE;1310;10;;
05183001;VILLAR ST PANCRACE;1310;11;;
05183001;VILLAR ST PANCRACE;1310;12;;
05183001;VILLAR ST PANCRACE;1310;13;;
06029001;CANNES;2;01;82,5;8,6
06029001;CANNES;2;02;57,0;8,8
06029001;CANNES;2;03;60,2;11,0
06029001;CANNES;2;04;78,2;13,5
06029001;CANNES;2;05;51,8;17,2
06029001;CANNES;2;06;32,5;20,9
06029001;CANNES;2;07;18,7;23,5
06029001;CANNES;2;08;23,9;23,7
06029001;CANNES;2;09;92,1;20,3
06029001;CANNES;2;10;134,3;16,7
06029001;CANNES;2;11;145,4;12,5
06029001;CANNES;2;12;104,6;9,4
06029001;CANNES;2;13;881,2;15,5
06088001;NICE;2;01;73,5;9,5
06088001;NICE;2;02;53,6;9,8
06088001;NICE;2;03;51,0;11,8
06088001;NICE;2;04;68,8;14,1
06088001;NICE;2;05;40,3;17,7
06088001;NICE;2;06;35,7;21,4
06088001;NICE;2;07;13,6;24,1
06088001;NICE;2;08;17,2;24,5
06088001;NICE;2;09;81,0;21,2
06088001;NICE;2;10;127,9;17,5
06088001;NICE;2;11;138,4;13,3
06088001;NICE;2;12;90,3;10,3
06088001;NICE;2;13;791,3;16,3
07131001;LANAS SYN;265;01;83,6;5,4
07131001;LANAS SYN;265;02;56,2;6,2
07131001;LANAS SYN;265;03;61,3;9,7
07131001;LANAS SYN;265;04;80,8;12,5
07131001;LANAS SYN;265;05;90,3;16,4
07131001;LANAS SYN;265;06;68,4;20,6
07131001;LANAS SYN;265;07;49,1;23,3
07131001;LANAS SYN;265;08;60,1;23,0
07131001;LANAS SYN;265;09;138,0;18,6
07131001;LANAS SYN;265;10;151,4;14,1
07131001;LANAS SYN;265;11;140,3;9,0
07131001;LANAS SYN;265;12;87,1;5,9
07131001;LANAS SYN;265;13;1066,6;13,7
08105005;CHARLEVILLE-MEZ;145;01;100,4;2,7
08105005;CHARLEVILLE-MEZ;145;02;78,3;3,1
08105005;CHARLEVILLE-MEZ;145;03;68,6;6,2
08105005;CHARLEVILLE-MEZ;145;04;56,6;9,1
08105005;CHARLEVILLE-MEZ;145;05;67,6;12,8
08105005;CHARLEVILLE-MEZ;145;06;66,8;16,0
08105005;CHARLEVILLE-MEZ;145;07;72,3;18,0
08105005;CHARLEVILLE-MEZ;145;08;74,4;17,6
08105005;CHARLEVILLE-MEZ;145;09;63,4;14,1
08105005;CHARLEVILLE-MEZ;145;10;80,1;10,4
08105005;CHARLEVILLE-MEZ;145;11;83,8;6,1
08105005;CHARLEVILLE-MEZ;145;12;116,1;3,3
08105005;CHARLEVILLE-MEZ;145;13;928,4;9,9
09289001;ST GIRONS;414;01;82,3;5,5
09289001;ST GIRONS;414;02;68,6;6,3
09289001;ST GIRONS;414;03;73,6;9,0
09289001;ST GIRONS;414;04;103,7;11,1
09289001;ST GIRONS;414;05;106,6;14,6
09289001;ST GIRONS;414;06;78,1;18,0
09289001;ST GIRONS;414;07;59,0;20,0
09289001;ST GIRONS;414;08;67,4;20,3
09289001;ST GIRONS;414;09;73,1;17,1
09289001;ST GIRONS;414;10;82,0;13,7
09289001;ST GIRONS;414;11;98,6;8,7
09289001;ST GIRONS;414;12;80,2;6,2
09289001;ST GIRONS;414;13;973,2;12,5
10030001;TROYES-BARBEREY;112;01;48,2;3,6
10030001;TROYES-BARBEREY;112;02;44,2;4,3
10030001;TROYES-BARBEREY;112;03;45,9;7,4
10030001;TROYES-BARBEREY;112;04;48,3;10,2
10030001;TROYES-BARBEREY;112;05;64,9;14,0
10030001;TROYES-BARBEREY;112;06;52,4;17,4
10030001;TROYES-BARBEREY;112;07;56,4;19,8
10030001;TROYES-BARBEREY;112;08;53,9;19,6
10030001;TROYES-BARBEREY;112;09;52,4;15,7
10030001;TROYES-BARBEREY;112;10;63,8;11,9
10030001;TROYES-BARBEREY;112;11;55,3;7,1
10030001;TROYES-BARBEREY;112;12;58,9;4,3
10030001;TROYES-BARBEREY;112;13;644,6;11,3
11069001;CARCASSONNE;128;01;66,0;6,7
11069001;CARCASSONNE;128;02;46,6;7,5
11069001;CARCASSONNE;128;03;58,4;10,4
11069001;CARCASSONNE;128;04;71,4;12,9
11069001;CARCASSONNE;128;05;63,1;16,5
11069001;CARCASSONNE;128;06;46,8;20,5
11069001;CARCASSONNE;128;07;30,1;23,1
11069001;CARCASSONNE;128;08;39,8;23,1
11069001;CARCASSONNE;128;09;48,4;19,4
11069001;CARCASSONNE;128;10;62,7;15,5
11069001;CARCASSONNE;128;11;70,3;10,4
11069001;CARCASSONNE;128;12;61,4;7,4
11069001;CARCASSONNE;128;13;665,0;14,4
11202001;LEUCATE;42;01;50,5;
11202001;LEUCATE;42;02;27,7;
11202001;LEUCATE;42;03;32,9;
11202001;LEUCATE;42;04;43,6;
11202001;LEUCATE;42;05;40,0;
11202001;LEUCATE;42;06;17,2;
11202001;LEUCATE;42;07;13,9;
11202001;LEUCATE;42;08;20,4;
11202001;LEUCATE;42;09;32,2;
11202001;LEUCATE;42;10;59,7;
11202001;LEUCATE;42;11;55,4;
11202001;LEUCATE;42;12;46,8;
11202001;LEUCATE;42;13;440,3;
12145001;MILLAU;712;01;55,1;3,4
12145001;MILLAU;712;02;39,4;4,0
12145001;MILLAU;712;03;41,6;7,2
12145001;MILLAU;712;04;68,6;9,7
12145001;MILLAU;712;05;75,3;13,5
12145001;MILLAU;712;06;57,2;17,5
12145001;MILLAU;712;07;42,7;20,1
12145001;MILLAU;712;08;56,5;20,1
12145001;MILLAU;712;09;73,9;16,0
12145001;MILLAU;712;10;74,4;12,1
12145001;MILLAU;712;11;72,1;7,0
12145001;MILLAU;712;12;56,4;4,3
12145001;MILLAU;712;13;713,2;11,2
12254001;RODEZ-AVEYRON;578;01;74,9;3,4
12254001;RODEZ-AVEYRON;578;02;54,1;3,9
12254001;RODEZ-AVEYRON;578;03;62,6;7,1
12254001;RODEZ-AVEYRON;578;04;84,3;9,7
12254001;RODEZ-AVEYRON;578;05;96,9;13,4
12254001;RODEZ-AVEYRON;578;06;64,2;17,2
12254001;RODEZ-AVEYRON;578;07;55,6;19,5
12254001;RODEZ-AVEYRON;578;08;59,9;19,6
12254001;RODEZ-AVEYRON;578;09;77,5;15,6
12254001;RODEZ-AVEYRON;578;10;75,8;12,1
12254001;RODEZ-AVEYRON;578;11;85,3;7,1
12254001;RODEZ-AVEYRON;578;12;78,0;4,3
12254001;RODEZ-AVEYRON;578;13;869,1;11,1
13047001;ISTRES;23;01;55,6;7,5
13047001;ISTRES;23;02;33,6;8,1
13047001;ISTRES;23;03;31,5;11,3
13047001;ISTRES;23;04;59,0;14,0
13047001;ISTRES;23;05;42,5;17,9
13047001;ISTRES;23;06;28,2;22,2
13047001;ISTRES;23;07;12,5;24,9
13047001;ISTRES;23;08;23,4;24,7
13047001;ISTRES;23;09;80,0;20,6
13047001;ISTRES;23;10;86,7;16,6
13047001;ISTRES;23;11;76,2;11,4
13047001;ISTRES;23;12;43,7;8,2
13047001;ISTRES;23;13;572,9;15,6
13054001;MARIGNANE;9;01;47,1;7,7
13054001;MARIGNANE;9;02;29,8;8,3
13054001;MARIGNANE;9;03;29,5;11,4
13054001;MARIGNANE;9;04;51,6;14,3
13054001;MARIGNANE;9;05;37,7;18,4
13054001;MARIGNANE;9;06;27,9;22,5
13054001;MARIGNANE;9;07;10,8;25,2
13054001;MARIGNANE;9;08;25,8;24,9
13054001;MARIGNANE;9;09;82,0;20,9
13054001;MARIGNANE;9;10;73,3;17,0
13054001;MARIGNANE;9;11;75,9;11,7
13054001;MARIGNANE;9;12;40,9;8,4
13054001;MARIGNANE;9;13;532,3;15,9
13103001;SALON DE PROVENCE;58;01;54,4;6,7
13103001;SALON DE PROVENCE;58;02;34,2;7,3
13103001;SALON DE PROVENCE;58;03;36,6;10,5
13103001;SALON DE PROVENCE;58;04;56,4;13,2
13103001;SALON DE PROVENCE;58;05;44,0;17,2
13103001;SALON DE PROVENCE;58;06;30,6;21,3
13103001;SALON DE PROVENCE;58;07;13,7;24,0
13103001;SALON DE PROVENCE;58;08;30,5;23,7
13103001;SALON DE PROVENCE;58;09;78,9;19,7
13103001;SALON DE PROVENCE;58;10;85,6;15,7
13103001;SALON DE PROVENCE;58;11;84,1;10,5
13103001;SALON DE PROVENCE;58;12;45,1;7,2
13103001;SALON DE PROVENCE;58;13;594,1;14,7
14137001;CAEN-CARPIQUET;67;01;63,1;5,6
14137001;CAEN-CARPIQUET;67;02;52,8;5,9
14137001;CAEN-CARPIQUET;67;03;49,7;8,0
14137001;CAEN-CARPIQUET;67;04;53,4;10,0
14137001;CAEN-CARPIQUET;67;05;59,4;13,0
14137001;CAEN-CARPIQUET;67;06;58,0;15,9
14137001;CAEN-CARPIQUET;67;07;51,1;18,0
14137001;CAEN-CARPIQUET;67;08;59,6;18,3
14137001;CAEN-CARPIQUET;67;09;54,3;15,8
14137001;CAEN-CARPIQUET;67;10;78,9;12,5
14137001;CAEN-CARPIQUET;67;11;78,7;8,7
14137001;CAEN-CARPIQUET;67;12;81,3;6,1
14137001;CAEN-CARPIQUET;67;13;740,3;11,5
14578001;ST GATIEN DES B;139;01;77,9;5,0
14578001;ST GATIEN DES B;139;02;64,4;5,3
14578001;ST GATIEN DES B;139;03;61,2;7,5
14578001;ST GATIEN DES B;139;04;60,4;9,7
14578001;ST GATIEN DES B;139;05;65,3;12,7
14578001;ST GATIEN DES B;139;06;68,3;15,5
14578001;ST GATIEN DES B;139;07;64,2;17,4
14578001;ST GATIEN DES B;139;08;81,4;17,5
14578001;ST GATIEN DES B;139;09;80,4;15,2
14578001;ST GATIEN DES B;139;10;95,3;12,0
14578001;ST GATIEN DES B;139;11;94,5;8,2
14578001;ST GATIEN DES B;139;12;107,1;5,5
14578001;ST GATIEN DES B;139;13;920,4;11,0
15014004;AURILLAC;632;01;90,0;3,2
15014004;AURILLAC;632;02;76,5;3,6
15014004;AURILLAC;632;03;79,4;6,8
15014004;AURILLAC;632;04;108,5;9,2
15014004;AURILLAC;632;05;107,4;13,0
15014004;AURILLAC;632;06;82,3;16,5
15014004;AURILLAC;632;07;70,8;18,5
15014004;AURILLAC;632;08;88,4;18,5
15014004;AURILLAC;632;09;106,9;14,8
15014004;AURILLAC;632;10;100,5;11,5
15014004;AURILLAC;632;11;117,8;6,7
15014004;AURILLAC;632;12;106,2;4,0
15014004;AURILLAC;632;13;1134,7;10,5
16089001;COGNAC;30;01;71,9;6,5
16089001;COGNAC;30;02;50,8;7,1
16089001;COGNAC;30;03;52,9;10,1
16089001;COGNAC;30;04;65,0;12,5
16089001;COGNAC;30;05;61,6;16,1
16089001;COGNAC;30;06;60,2;19,4
16089001;COGNAC;30;07;45,0;21,3
16089001;COGNAC;30;08;53,2;21,3
16089001;COGNAC;30;09;62,8;18,1
16089001;COGNAC;30;10;76,4;14,6
16089001;COGNAC;30;11;87,9;9,8
16089001;COGNAC;30;12;84,1;7,1
16089001;COGNAC;30;13;771,8;13,7
17300009;LA ROCHELLE-ILE DE RE;20;01;76,3;7,0
17300009;LA ROCHELLE-ILE DE RE;20;02;56,1;7,3
17300009;LA ROCHELLE-ILE DE RE;20;03;57,4;9,8
17300009;LA ROCHELLE-ILE DE RE;20;04;60,7;12,0
17300009;LA ROCHELLE-ILE DE RE;20;05;50,9;15,5
17300009;LA ROCHELLE-ILE DE RE;20;06;39,3;18,6
17300009;LA ROCHELLE-ILE DE RE;20;07;40,0;20,5
17300009;LA ROCHELLE-ILE DE RE;20;08;46,2;20,6
17300009;LA ROCHELLE-ILE DE RE;20;09;59,7;18,0
17300009;LA ROCHELLE-ILE DE RE;20;10;83,7;14,7
17300009;LA ROCHELLE-ILE DE RE;20;11;94,6;10,4
17300009;LA ROCHELLE-ILE DE RE;20;12;89,5;7,5
17300009;LA ROCHELLE-ILE DE RE;20;13;754,4;13,5
17323001;CHASSIRON;11;01;68,7;7,8
17323001;CHASSIRON;11;02;49,6;7,9
17323001;CHASSIRON;11;03;48,5;10,1
17323001;CHASSIRON;11;04;53,1;12,1
17323001;CHASSIRON;11;05;43,8;15,2
17323001;CHASSIRON;11;06;36,2;18,1
17323001;CHASSIRON;11;07;38,7;19,8
17323001;CHASSIRON;11;08;42,2;20,2
17323001;CHASSIRON;11;09;57,9;18,2
17323001;CHASSIRON;11;10;72,7;15,3
17323001;CHASSIRON;11;11;90,5;11,4
17323001;CHASSIRON;11;12;81,5;8,6
17323001;CHASSIRON;11;13;683,4;13,7
18033001;BOURGES;161;01;58,0;4,5
18033001;BOURGES;161;02;51,0;5,1
18033001;BOURGES;161;03;52,8;8,4
18033001;BOURGES;161;04;62,0;11,1
18033001;BOURGES;161;05;75,9;14,8
18033001;BOURGES;161;06;58,4;18,4
18033001;BOURGES;161;07;63,5;20,5
18033001;BOURGES;161;08;53,5;20,5
18033001;BOURGES;161;09;56,7;16,7
18033001;BOURGES;161;10;74,2;12,9
18033001;BOURGES;161;11;69,3;7,9
18033001;BOURGES;161;12;67,4;5,0
18033001;BOURGES;161;13;742,7;12,1
18092001;AVORD;175;01;57,5;4,3
18092001;AVORD;175;02;51,3;4,9
18092001;AVORD;175;03;52,2;8,1
18092001;AVORD;175;04;62,3;10,7
18092001;AVORD;175;05;74,6;14,5
18092001;AVORD;175;06;59,1;18,1
18092001;AVORD;175;07;64,6;20,2
18092001;AVORD;175;08;57,2;20,2
18092001;AVORD;175;09;62,4;16,4
18092001;AVORD;175;10;75,6;12,7
18092001;AVORD;175;11;70,9;7,7
18092001;AVORD;175;12;68,8;4,8
18092001;AVORD;175;13;756,5;11,9
19031008;BRIVE;115;01;73,9;5,4
19031008;BRIVE;115;02;59,5;6,1
19031008;BRIVE;115;03;66,4;9,2
19031008;BRIVE;115;04;87,5;11,9
19031008;BRIVE;115;05;87,1;15,6
19031008;BRIVE;115;06;78,4;19,2
19031008;BRIVE;115;07;63,1;21,1
19031008;BRIVE;115;08;67,4;21,0
19031008;BRIVE;115;09;73,4;17,3
19031008;BRIVE;115;10;79,5;13,9
19031008;BRIVE;115;11;85,1;8,8
19031008;BRIVE;115;12;82,6;5,9
19031008;BRIVE;115;13;903,9;12,9
19147001;BRIVE-SOUILLAC;295;01;;
19147001;BRIVE-SOUILLAC;295;02;;
19147001;BRIVE-SOUILLAC;295;03;;
19147001;BRIVE-SOUILLAC;295;04;;
19147001;BRIVE-SOUILLAC;295;05;;
19147001;BRIVE-SOUILLAC;295;06;;
19147001;BRIVE-SOUILLAC;295;07;;
19147001;BRIVE-SOUILLAC;295;08;;
19147001;BRIVE-SOUILLAC;295;09;;
19147001;BRIVE-SOUILLAC;295;10;;
19147001;BRIVE-SOUILLAC;295;11;;
19147001;BRIVE-SOUILLAC;295;12;;
19147001;BRIVE-SOUILLAC;295;13;;
20004002;AJACCIO;5;01;54,1;9,4
20004002;AJACCIO;5;02;48,1;9,2
20004002;AJACCIO;5;03;50,4;11,0
20004002;AJACCIO;5;04;53,1;13,4
20004002;AJACCIO;5;05;49,8;17,0
20004002;AJACCIO;5;06;25,9;20,7
20004002;AJACCIO;5;07;8,6;23,2
20004002;AJACCIO;5;08;15,8;23,7
20004002;AJACCIO;5;09;57,8;20,8
20004002;AJACCIO;5;10;85,7;17,7
20004002;AJACCIO;5;11;111,8;13,6
20004002;AJACCIO;5;12;73,9;10,5
20004002;AJACCIO;5;13;635,0;15,8
20041001;CAP PERTUSATO;107;01;60,6;10,7
20041001;CAP PERTUSATO;107;02;48,7;10,5
20041001;CAP PERTUSATO;107;03;51,9;12,0
20041001;CAP PERTUSATO;107;04;54,2;14,1
20041001;CAP PERTUSATO;107;05;39,9;17,5
20041001;CAP PERTUSATO;107;06;18,1;21,2
20041001;CAP PERTUSATO;107;07;7,1;24,0
20041001;CAP PERTUSATO;107;08;12,5;24,8
20041001;CAP PERTUSATO;107;09;55,5;21,9
20041001;CAP PERTUSATO;107;10;74,5;18,7
20041001;CAP PERTUSATO;107;11;89,2;14,7
20041001;CAP PERTUSATO;107;12;70,0;11,8
20041001;CAP PERTUSATO;107;13;582,2;16,8
20050001;CALVI;57;01;50,3;9,5
20050001;CALVI;57;02;53,5;9,4
20050001;CALVI;57;03;58,9;11,5
20050001;CALVI;57;04;55,8;14,0
20050001;CALVI;57;05;40,8;17,8
20050001;CALVI;57;06;32,2;21,8
20050001;CALVI;57;07;7,6;24,6
20050001;CALVI;57;08;23,3;24,7
20050001;CALVI;57;09;59,1;21,3
20050001;CALVI;57;10;79,2;17,7
20050001;CALVI;57;11;115,4;13,6
20050001;CALVI;57;12;76,7;10,6
20050001;CALVI;57;13;652,8;16,4
20093002;ILE ROUSSE;142;01;34,0;10,6
20093002;ILE ROUSSE;142;02;32,7;10,4
20093002;ILE ROUSSE;142;03;42,9;12,2
20093002;ILE ROUSSE;142;04;39,9;14,5
20093002;ILE ROUSSE;142;05;30,2;18,1
20093002;ILE ROUSSE;142;06;29,8;21,8
20093002;ILE ROUSSE;142;07;7,1;24,5
20093002;ILE ROUSSE;142;08;13,5;24,9
20093002;ILE ROUSSE;142;09;43,7;21,7
20093002;ILE ROUSSE;142;10;60,6;18,5
20093002;ILE ROUSSE;142;11;85,5;14,5
20093002;ILE ROUSSE;142;12;53,9;11,7
20093002;ILE ROUSSE;142;13;473,8;16,9
20107001;CAP CORSE;72;01;39,7;
20107001;CAP CORSE;72;02;44,7;
20107001;CAP CORSE;72;03;37,1;
20107001;CAP CORSE;72;04;42,7;
20107001;CAP CORSE;72;05;31,5;
20107001;CAP CORSE;72;06;20,8;
20107001;CAP CORSE;72;07;12,0;
20107001;CAP CORSE;72;08;11,9;
20107001;CAP CORSE;72;09;59,0;
20107001;CAP CORSE;72;10;76,4;
20107001;CAP CORSE;72;11;103,8;
20107001;CAP CORSE;72;12;58,0;
20107001;CAP CORSE;72;13;537,6;
20114002;FIGARI;20;01;73,2;9,2
20114002;FIGARI;20;02;55,5;9,1
20114002;FIGARI;20;03;57,2;11,2
20114002;FIGARI;20;04;54,4;13,6
20114002;FIGARI;20;05;40,7;17,5
20114002;FIGARI;20;06;21,8;21,6
20114002;FIGARI;20;07;10,1;24,4
20114002;FIGARI;20;08;13,5;24,7
20114002;FIGARI;20;09;54,4;21,1
20114002;FIGARI;20;10;80,4;17,7
20114002;FIGARI;20;11;100,3;13,5
20114002;FIGARI;20;12;82,0;10,3
20114002;FIGARI;20;13;643,5;16,2
20148001;BASTIA;10;01;67,3;9,6
20148001;BASTIA;10;02;63,5;9,5
20148001;BASTIA;10;03;63,7;11,3
20148001;BASTIA;10;04;71,6;13,7
20148001;BASTIA;10;05;53,7;17,5
20148001;BASTIA;10;06;38,8;21,4
20148001;BASTIA;10;07;13,8;24,4
20148001;BASTIA;10;08;21,1;24,8
20148001;BASTIA;10;09;74,5;21,4
20148001;BASTIA;10;10;126,5;17,7
20148001;BASTIA;10;11;134,3;13,6
20148001;BASTIA;10;12;88,1;10,6
20148001;BASTIA;10;13;816,9;16,3
20303002;ALISTRO;65;01;60,4;
20303002;ALISTRO;65;02;54,9;
20303002;ALISTRO;65;03;54,4;
20303002;ALISTRO;65;04;57,9;
20303002;ALISTRO;65;05;46,5;
20303002;ALISTRO;65;06;22,7;
20303002;ALISTRO;65;07;12,4;
20303002;ALISTRO;65;08;18,6;
20303002;ALISTRO;65;09;63,8;
20303002;ALISTRO;65;10;110,5;
20303002;ALISTRO;65;11;91,0;
20303002;ALISTRO;65;12;74,5;
20303002;ALISTRO;65;13;667,6;
20342001;SOLENZARA;12;01;79,1;9,9
20342001;SOLENZARA;12;02;64,0;9,9
20342001;SOLENZARA;12;03;69,4;11,9
20342001;SOLENZARA;12;04;67,0;14,2
20342001;SOLENZARA;12;05;47,6;17,9
20342001;SOLENZARA;12;06;21,7;21,9
20342001;SOLENZARA;12;07;10,7;24,8
20342001;SOLENZARA;12;08;18,9;25,2
20342001;SOLENZARA;12;09;90,6;21,9
20342001;SOLENZARA;12;10;119,2;18,1
20342001;SOLENZARA;12;11;112,0;13,9
20342001;SOLENZARA;12;12;98,5;10,9
20342001;SOLENZARA;12;13;798,7;16,7
21473001;DIJON-LONGVIC;219;01;56,8;2,7
21473001;DIJON-LONGVIC;219;02;42,9;3,8
21473001;DIJON-LONGVIC;219;03;48,2;7,5
21473001;DIJON-LONGVIC;219;04;57,5;10,7
21473001;DIJON-LONGVIC;219;05;76,1;14,6
21473001;DIJON-LONGVIC;219;06;65,8;18,5
21473001;DIJON-LONGVIC;219;07;64,9;20,8
21473001;DIJON-LONGVIC;219;08;62,0;20,4
21473001;DIJON-LONGVIC;219;09;56,4;16,4
21473001;DIJON-LONGVIC;219;10;73,6;11,8
21473001;DIJON-LONGVIC;219;11;77,6;6,5
21473001;DIJON-LONGVIC;219;12;61,6;3,4
21473001;DIJON-LONGVIC;219;13;743,4;11,4
22113006;LANNION_AERO;85;01;95,9;6,9
22113006;LANNION_AERO;85;02;91,5;7,1
22113006;LANNION_AERO;85;03;66,2;8,3
22113006;LANNION_AERO;85;04;69,5;9,8
22113006;LANNION_AERO;85;05;63,1;12,5
22113006;LANNION_AERO;85;06;54,5;15,1
22113006;LANNION_AERO;85;07;53,4;16,9
22113006;LANNION_AERO;85;08;55,1;17,1
22113006;LANNION_AERO;85;09;52,8;15,5
22113006;LANNION_AERO;85;10;99,7;13,0
22113006;LANNION_AERO;85;11;105,0;9,6
22113006;LANNION_AERO;85;12;122,8;7,6
22113006;LANNION_AERO;85;13;929,5;11,6
22168001;PLOUMANAC'H;55;01;88,5;7,8
22168001;PLOUMANAC'H;55;02;78,7;7,8
22168001;PLOUMANAC'H;55;03;58,8;9,1
22168001;PLOUMANAC'H;55;04;64,9;10,5
22168001;PLOUMANAC'H;55;05;58,1;12,8
22168001;PLOUMANAC'H;55;06;50,4;15,2
22168001;PLOUMANAC'H;55;07;47,1;17,1
22168001;PLOUMANAC'H;55;08;54,2;17,6
22168001;PLOUMANAC'H;55;09;53,2;16,3
22168001;PLOUMANAC'H;55;10;93,6;13,7
22168001;PLOUMANAC'H;55;11;98,0;10,6
22168001;PLOUMANAC'H;55;12;109,6;8,5
22168001;PLOUMANAC'H;55;13;855,1;12,3
22372001;ST BRIEUC;135;01;74,2;6,3
22372001;ST BRIEUC;135;02;64,5;6,5
22372001;ST BRIEUC;135;03;53,3;8,0
22372001;ST BRIEUC;135;04;59,7;9,8
22372001;ST BRIEUC;135;05;56,2;12,5
22372001;ST BRIEUC;135;06;50,7;15,3
22372001;ST BRIEUC;135;07;41,9;17,2
22372001;ST BRIEUC;135;08;44,5;17,4
22372001;ST BRIEUC;135;09;52,4;15,5
22372001;ST BRIEUC;135;10;81,6;12,6
22372001;ST BRIEUC;135;11;87,7;9,2
22372001;ST BRIEUC;135;12;90,6;6,9
22372001;ST BRIEUC;135;13;757,3;11,4
23206002;GUERET-ST LAURENT;365;01;;
23206002;GUERET-ST LAURENT;365;02;;
23206002;GUERET-ST LAURENT;365;03;;
23206002;GUERET-ST LAURENT;365;04;;
23206002;GUERET-ST LAURENT;365;05;;
23206002;GUERET-ST LAURENT;365;06;;
23206002;GUERET-ST LAURENT;365;07;;
23206002;GUERET-ST LAURENT;365;08;;
23206002;GUERET-ST LAURENT;365;09;;
23206002;GUERET-ST LAURENT;365;10;;
23206002;GUERET-ST LAURENT;365;11;;
23206002;GUERET-ST LAURENT;365;12;;
23206002;GUERET-ST LAURENT;365;13;;
24037005;BERGERAC;49;01;67,0;5,9
24037005;BERGERAC;49;02;53,2;6,5
24037005;BERGERAC;49;03;53,7;9,7
24037005;BERGERAC;49;04;76,1;12,1
24037005;BERGERAC;49;05;77,4;15,8
24037005;BERGERAC;49;06;63,2;19,3
24037005;BERGERAC;49;07;57,0;21,1
24037005;BERGERAC;49;08;61,5;21,1
24037005;BERGERAC;49;09;66,2;17,6
24037005;BERGERAC;49;10;65,2;14,2
24037005;BERGERAC;49;11;76,2;9,2
24037005;BERGERAC;49;12;76,2;6,3
24037005;BERGERAC;49;13;792,9;13,2
25056001;BESANCON;307;01;89,7;2,9
25056001;BESANCON;307;02;81,2;3,9
25056001;BESANCON;307;03;85,0;7,5
25056001;BESANCON;307;04;86,6;10,8
25056001;BESANCON;307;05;107,9;14,6
25056001;BESANCON;307;06;97,5;18,2
25056001;BESANCON;307;07;88,8;20,2
25056001;BESANCON;307;08;96,1;20,0
25056001;BESANCON;307;09;100,7;16,0
25056001;BESANCON;307;10;111,7;11,9
25056001;BESANCON;307;11;106,5;6,7
25056001;BESANCON;307;12;105,3;3,7
25056001;BESANCON;307;13;1157,0;11,4
26198001;MONTELIMAR;73;01;68,7;5,7
26198001;MONTELIMAR;73;02;42,5;6,6
26198001;MONTELIMAR;73;03;49,0;10,2
26198001;MONTELIMAR;73;04;74,4;13,1
26198001;MONTELIMAR;73;05;77,7;17,1
26198001;MONTELIMAR;73;06;56,5;21,1
26198001;MONTELIMAR;73;07;55,1;23,7
26198001;MONTELIMAR;73;08;56,3;23,5
26198001;MONTELIMAR;73;09;115,9;19,2
26198001;MONTELIMAR;73;10;133,0;14,8
26198001;MONTELIMAR;73;11;128,7;9,5
26198001;MONTELIMAR;73;12;61,7;6,2
26198001;MONTELIMAR;73;13;919,5;14,2
27347001;EVREUX-HUEST;138;01;49,0;4,3
27347001;EVREUX-HUEST;138;02;43,6;4,8
27347001;EVREUX-HUEST;138;03;44,3;7,5
27347001;EVREUX-HUEST;138;04;43,8;10,0
27347001;EVREUX-HUEST;138;05;53,5;13,3
27347001;EVREUX-HUEST;138;06;50,7;16,5
27347001;EVREUX-HUEST;138;07;49,4;18,8
27347001;EVREUX-HUEST;138;08;45,0;18,8
27347001;EVREUX-HUEST;138;09;44,6;15,6
27347001;EVREUX-HUEST;138;10;58,1;11,9
27347001;EVREUX-HUEST;138;11;53,8;7,6
27347001;EVREUX-HUEST;138;12;64,8;4,7
27347001;EVREUX-HUEST;138;13;600,6;11,2
28070001;CHARTRES;155;01;49,9;4,3
28070001;CHARTRES;155;02;41,5;4,8
28070001;CHARTRES;155;03;43,5;7,8
28070001;CHARTRES;155;04;44,6;10,3
28070001;CHARTRES;155;05;55,3;13,8
28070001;CHARTRES;155;06;51,5;17,0
28070001;CHARTRES;155;07;51,0;19,4
28070001;CHARTRES;155;08;47,7;19,4
28070001;CHARTRES;155;09;46,0;15,9
28070001;CHARTRES;155;10;58,4;12,1
28070001;CHARTRES;155;11;56,0;7,6
28070001;CHARTRES;155;12;60,7;4,8
28070001;CHARTRES;155;13;606,1;11,4
28198001;CHATEAUDUN;126;01;51,5;4,3
28198001;CHATEAUDUN;126;02;41,3;4,8
28198001;CHATEAUDUN;126;03;44,2;7,8
28198001;CHATEAUDUN;126;04;46,9;10,4
28198001;CHATEAUDUN;126;05;56,1;13,9
28198001;CHATEAUDUN;126;06;48,2;17,3
28198001;CHATEAUDUN;126;07;51,9;19,6
28198001;CHATEAUDUN;126;08;42,9;19,6
28198001;CHATEAUDUN;126;09;42,7;16,0
28198001;CHATEAUDUN;126;10;61,0;12,1
28198001;CHATEAUDUN;126;11;55,1;7,5
28198001;CHATEAUDUN;126;12;61,5;4,7
28198001;CHATEAUDUN;126;13;603,3;11,5
29075001;BREST-GUIPAVAS;94;01;142,6;7,1
29075001;BREST-GUIPAVAS;94;02;118,7;7,1
29075001;BREST-GUIPAVAS;94;03;82,2;8,6
29075001;BREST-GUIPAVAS;94;04;91,8;10,1
29075001;BREST-GUIPAVAS;94;05;74,6;12,8
29075001;BREST-GUIPAVAS;94;06;64,6;15,3
29075001;BREST-GUIPAVAS;94;07;70,7;17,0
29075001;BREST-GUIPAVAS;94;08;75,3;17,1
29075001;BREST-GUIPAVAS;94;09;78,6;15,4
29075001;BREST-GUIPAVAS;94;10;129,4;12,8
29075001;BREST-GUIPAVAS;94;11;146,7;9,8
29075001;BREST-GUIPAVAS;94;12;154,6;7,7
29075001;BREST-GUIPAVAS;94;13;1229,8;11,7
29120001;LANVEOC;81;01;118,1;7,5
29120001;LANVEOC;81;02;97,8;7,5
29120001;LANVEOC;81;03;71,8;9,0
29120001;LANVEOC;81;04;75,2;10,6
29120001;LANVEOC;81;05;61,3;13,2
29120001;LANVEOC;81;06;55,6;15,7
29120001;LANVEOC;81;07;57,3;17,4
29120001;LANVEOC;81;08;61,8;17,5
29120001;LANVEOC;81;09;69,8;16,0
29120001;LANVEOC;81;10;108,0;13,3
29120001;LANVEOC;81;11;126,9;10,3
29120001;LANVEOC;81;12;126,5;8,2
29120001;LANVEOC;81;13;1030,1;12,2
29155005;OUESSANT-STIFF;64;01;92,7;8,6
29155005;OUESSANT-STIFF;64;02;75,3;8,4
29155005;OUESSANT-STIFF;64;03;56,1;9,3
29155005;OUESSANT-STIFF;64;04;58,2;10,7
29155005;OUESSANT-STIFF;64;05;50,0;12,7
29155005;OUESSANT-STIFF;64;06;48,6;14,9
29155005;OUESSANT-STIFF;64;07;47,2;16,5
29155005;OUESSANT-STIFF;64;08;60,5;16,8
29155005;OUESSANT-STIFF;64;09;52,1;15,7
29155005;OUESSANT-STIFF;64;10;80,7;13,8
29155005;OUESSANT-STIFF;64;11;95,1;11,2
29155005;OUESSANT-STIFF;64;12;96,1;9,3
29155005;OUESSANT-STIFF;64;13;812,6;12,3
29178001;PLOUDALMEZEAU;40;01;;
29178001;PLOUDALMEZEAU;40;02;;
29178001;PLOUDALMEZEAU;40;03;;
29178001;PLOUDALMEZEAU;40;04;;
29178001;PLOUDALMEZEAU;40;05;;
29178001;PLOUDALMEZEAU;40;06;;
29178001;PLOUDALMEZEAU;40;07;;
29178001;PLOUDALMEZEAU;40;08;;
29178001;PLOUDALMEZEAU;40;09;;
29178001;PLOUDALMEZEAU;40;10;;
29178001;PLOUDALMEZEAU;40;11;;
29178001;PLOUDALMEZEAU;40;12;;
29178001;PLOUDALMEZEAU;40;13;;
29216001;QUIMPER;82;01;144,0;7,1
29216001;QUIMPER;82;02;114,9;7,2
29216001;QUIMPER;82;03;83,8;8,8
29216001;QUIMPER;82;04;87,8;10,6
29216001;QUIMPER;82;05;77,1;13,4
29216001;QUIMPER;82;06;63,9;16,0
29216001;QUIMPER;82;07;69,9;17,7
29216001;QUIMPER;82;08;70,5;17,7
29216001;QUIMPER;82;09;78,2;15,9
29216001;QUIMPER;82;10;123,2;13,0
29216001;QUIMPER;82;11;148,0;9,8
29216001;QUIMPER;82;12;153,1;7,7
29216001;QUIMPER;82;13;1214,4;12,1
29264001;LANDIVISIAU;109;01;140,2;6,9
29264001;LANDIVISIAU;109;02;115,8;6,9
29264001;LANDIVISIAU;109;03;77,9;8,4
29264001;LANDIVISIAU;109;04;84,6;9,9
29264001;LANDIVISIAU;109;05;72,2;12,6
29264001;LANDIVISIAU;109;06;63,0;15,1
29264001;LANDIVISIAU;109;07;64,1;16,9
29264001;LANDIVISIAU;109;08;65,7;17,0
29264001;LANDIVISIAU;109;09;72,5;15,3
29264001;LANDIVISIAU;109;10;118,0;12,7
29264001;LANDIVISIAU;109;11;135,2;9,6
29264001;LANDIVISIAU;109;12;151,2;7,5
29264001;LANDIVISIAU;109;13;1160,4;11,6
30189001;NIMES-COURBESSAC;59;01;64,1;7,3
30189001;NIMES-COURBESSAC;59;02;40,1;8,1
30189001;NIMES-COURBESSAC;59;03;44,7;11,5
30189001;NIMES-COURBESSAC;59;04;67,1;14,1
30189001;NIMES-COURBESSAC;59;05;55,1;18,0
30189001;NIMES-COURBESSAC;59;06;43,0;22,3
30189001;NIMES-COURBESSAC;59;07;30,2;25,2
30189001;NIMES-COURBESSAC;59;08;44,4;24,9
30189001;NIMES-COURBESSAC;59;09;100,3;20,5
30189001;NIMES-COURBESSAC;59;10;95,0;16,3
30189001;NIMES-COURBESSAC;59;11;97,1;11,0
30189001;NIMES-COURBESSAC;59;12;53,3;7,8
30189001;NIMES-COURBESSAC;59;13;734,4;15,6
30258001;NIMES-GARONS;94;01;58,3;7,1
30258001;NIMES-GARONS;94;02;36,8;7,9
30258001;NIMES-GARONS;94;03;44,7;11,3
30258001;NIMES-GARONS;94;04;64,5;13,8
30258001;NIMES-GARONS;94;05;48,3;17,7
30258001;NIMES-GARONS;94;06;35,4;22,0
30258001;NIMES-GARONS;94;07;23,7;24,7
30258001;NIMES-GARONS;94;08;34,8;24,5
30258001;NIMES-GARONS;94;09;101,9;20,2
30258001;NIMES-GARONS;94;10;92,0;16,0
30258001;NIMES-GARONS;94;11;93,4;10,9
30258001;NIMES-GARONS;94;12;50,8;7,7
30258001;NIMES-GARONS;94;13;684,6;15,3
30339001;MONT AIGOUAL;1567;01;176,4;-1,0
30339001;MONT AIGOUAL;1567;02;141,1;-1,4
30339001;MONT AIGOUAL;1567;03;136,9;1,1
30339001;MONT AIGOUAL;1567;04;169,3;3,4
30339001;MONT AIGOUAL;1567;05;157,5;7,4
30339001;MONT AIGOUAL;1567;06;89,1;11,5
30339001;MONT AIGOUAL;1567;07;57,0;14,1
30339001;MONT AIGOUAL;1567;08;60,4;14,3
30339001;MONT AIGOUAL;1567;09;184,0;10,2
30339001;MONT AIGOUAL;1567;10;309,7;6,7
30339001;MONT AIGOUAL;1567;11;297,4;2,2
30339001;MONT AIGOUAL;1567;12;191,2;0,1
30339001;MONT AIGOUAL;1567;13;1970,0;5,7
31069001;TOULOUSE-BLAGNAC;151;01;52,5;6,3
31069001;TOULOUSE-BLAGNAC;151;02;37,2;7,1
31069001;TOULOUSE-BLAGNAC;151;03;45,3;10,3
31069001;TOULOUSE-BLAGNAC;151;04;65,2;12,7
31069001;TOULOUSE-BLAGNAC;151;05;73,6;16,4
31069001;TOULOUSE-BLAGNAC;151;06;64,2;20,3
31069001;TOULOUSE-BLAGNAC;151;07;40,1;22,6
31069001;TOULOUSE-BLAGNAC;151;08;44,6;22,8
31069001;TOULOUSE-BLAGNAC;151;09;45,7;19,3
31069001;TOULOUSE-BLAGNAC;151;10;54,3;15,3
31069001;TOULOUSE-BLAGNAC;151;11;55,0;9,9
31069001;TOULOUSE-BLAGNAC;151;12;49,3;7,0
31069001;TOULOUSE-BLAGNAC;151;13;627,0;14,2
32013005;AUCH;122;01;62,0;5,9
32013005;AUCH;122;02;45,8;6,6
32013005;AUCH;122;03;49,5;9,6
32013005;AUCH;122;04;64,2;12,1
32013005;AUCH;122;05;72,9;15,8
32013005;AUCH;122;06;58,6;19,5
32013005;AUCH;122;07;55,1;21,6
32013005;AUCH;122;08;56,2;21,8
32013005;AUCH;122;09;53,0;18,4
32013005;AUCH;122;10;55,8;14,6
32013005;AUCH;122;11;64,1;9,3
32013005;AUCH;122;12;58,6;6,4
32013005;AUCH;122;13;695,8;13,5
33281001;BORDEAUX-MERIGNAC;47;01;86,9;7,1
33281001;BORDEAUX-MERIGNAC;47;02;66,9;7,8
33281001;BORDEAUX-MERIGNAC;47;03;63,3;10,7
33281001;BORDEAUX-MERIGNAC;47;04;75,6;13,0
33281001;BORDEAUX-MERIGNAC;47;05;71,1;16,6
33281001;BORDEAUX-MERIGNAC;47;06;70,4;19,8
33281001;BORDEAUX-MERIGNAC;47;07;48,6;21,7
33281001;BORDEAUX-MERIGNAC;47;08;56,7;21,9
33281001;BORDEAUX-MERIGNAC;47;09;81,2;18,8
33281001;BORDEAUX-MERIGNAC;47;10;83,3;15,2
33281001;BORDEAUX-MERIGNAC;47;11;114,5;10,4
33281001;BORDEAUX-MERIGNAC;47;12;106,4;7,7
33281001;BORDEAUX-MERIGNAC;47;13;924,9;14,2
33529001;CAZAUX;23;01;98,8;7,1
33529001;CAZAUX;23;02;73,9;7,5
33529001;CAZAUX;23;03;67,2;10,2
33529001;CAZAUX;23;04;73,0;12,4
33529001;CAZAUX;23;05;62,8;15,9
33529001;CAZAUX;23;06;66,3;18,9
33529001;CAZAUX;23;07;44,1;20,8
33529001;CAZAUX;23;08;60,9;21,0
33529001;CAZAUX;23;09;76,0;18,2
33529001;CAZAUX;23;10;87,9;14,9
33529001;CAZAUX;23;11;127,8;10,4
33529001;CAZAUX;23;12;109,4;7,7
33529001;CAZAUX;23;13;948,1;13,7
34154001;MONTPELLIER-AEROPORT;1;01;56,2;7,6
34154001;MONTPELLIER-AEROPORT;1;02;39,2;8,3
34154001;MONTPELLIER-AEROPORT;1;03;41,5;11,4
34154001;MONTPELLIER-AEROPORT;1;04;55,8;13,9
34154001;MONTPELLIER-AEROPORT;1;05;44,0;17,8
34154001;MONTPELLIER-AEROPORT;1;06;32,9;21,8
34154001;MONTPELLIER-AEROPORT;1;07;17,1;24,4
34154001;MONTPELLIER-AEROPORT;1;08;35,9;24,1
34154001;MONTPELLIER-AEROPORT;1;09;86,7;20,2
34154001;MONTPELLIER-AEROPORT;1;10;94,7;16,4
34154001;MONTPELLIER-AEROPORT;1;11;78,1;11,6
34154001;MONTPELLIER-AEROPORT;1;12;57,1;8,3
34154001;MONTPELLIER-AEROPORT;1;13;639,2;15,5
34209002;BEZIERS-VIAS;15;01;47,5;7,8
34209002;BEZIERS-VIAS;15;02;52,0;8,3
34209002;BEZIERS-VIAS;15;03;41,4;11,1
34209002;BEZIERS-VIAS;15;04;51,2;13,6
34209002;BEZIERS-VIAS;15;05;42,4;17,2
34209002;BEZIERS-VIAS;15;06;26,3;21,4
34209002;BEZIERS-VIAS;15;07;13,7;24,0
34209002;BEZIERS-VIAS;15;08;25,5;23,7
34209002;BEZIERS-VIAS;15;09;61,6;19,9
34209002;BEZIERS-VIAS;15;10;83,9;16,5
34209002;BEZIERS-VIAS;15;11;68,6;11,6
34209002;BEZIERS-VIAS;15;12;41,2;8,3
34209002;BEZIERS-VIAS;15;13;555,3;15,3
34301002;SETE;75;01;51,6;8,5
34301002;SETE;75;02;41,0;8,9
34301002;SETE;75;03;43,2;11,8
34301002;SETE;75;04;49,2;14,2
34301002;SETE;75;05;39,6;17,8
34301002;SETE;75;06;24,6;21,8
34301002;SETE;75;07;14,3;24,3
34301002;SETE;75;08;26,3;24,1
34301002;SETE;75;09;62,7;20,5
34301002;SETE;75;10;84,7;16,8
34301002;SETE;75;11;61,2;12,2
34301002;SETE;75;12;45,0;9,3
34301002;SETE;75;13;543,4;15,9
35228001;DINARD;65;01;64,0;6,5
35228001;DINARD;65;02;56,0;6,7
35228001;DINARD;65;03;47,6;8,5
35228001;DINARD;65;04;53,9;10,3
35228001;DINARD;65;05;56,0;13,2
35228001;DINARD;65;06;54,1;16,0
35228001;DINARD;65;07;46,1;17,8
35228001;DINARD;65;08;58,3;18,0
35228001;DINARD;65;09;60,2;16,0
35228001;DINARD;65;10;81,3;13,1
35228001;DINARD;65;11;89,0;9,5
35228001;DINARD;65;12;85,5;6,9
35228001;DINARD;65;13;752,0;11,9
35281001;RENNES-ST JACQUES;36;01;66,6;6,2
35281001;RENNES-ST JACQUES;36;02;51,6;6,6
35281001;RENNES-ST JACQUES;36;03;48,9;8,8
35281001;RENNES-ST JACQUES;36;04;51,2;11,0
35281001;RENNES-ST JACQUES;36;05;58,1;14,3
35281001;RENNES-ST JACQUES;36;06;50,9;17,3
35281001;RENNES-ST JACQUES;36;07;44,0;19,2
35281001;RENNES-ST JACQUES;36;08;43,5;19,3
35281001;RENNES-ST JACQUES;36;09;56,6;16,6
35281001;RENNES-ST JACQUES;36;10;73,1;13,2
35281001;RENNES-ST JACQUES;36;11;73,2;9,2
35281001;RENNES-ST JACQUES;36;12;73,3;6,6
35281001;RENNES-ST JACQUES;36;13;691,0;12,4
36063001;CHATEAUROUX  DEOLS;158;01;57,5;4,7
36063001;CHATEAUROUX  DEOLS;158;02;46,5;5,2
36063001;CHATEAUROUX  DEOLS;158;03;50,4;8,4
36063001;CHATEAUROUX  DEOLS;158;04;65,5;10,9
36063001;CHATEAUROUX  DEOLS;158;05;72,6;14,6
36063001;CHATEAUROUX  DEOLS;158;06;58,3;18,2
36063001;CHATEAUROUX  DEOLS;158;07;56,7;20,4
36063001;CHATEAUROUX  DEOLS;158;08;56,9;20,4
36063001;CHATEAUROUX  DEOLS;158;09;59,5;16,7
36063001;CHATEAUROUX  DEOLS;158;10;71,9;12,9
36063001;CHATEAUROUX  DEOLS;158;11;65,6;8,0
36063001;CHATEAUROUX  DEOLS;158;12;67,2;5,1
36063001;CHATEAUROUX  DEOLS;158;13;728,6;12,1
37179001;TOURS;108;01;63,0;5,1
37179001;TOURS;108;02;52,4;5,6
37179001;TOURS;108;03;48,7;8,6
37179001;TOURS;108;04;53,0;11,0
37179001;TOURS;108;05;57,7;14,5
37179001;TOURS;108;06;53,2;18,0
37179001;TOURS;108;07;46,6;20,2
37179001;TOURS;108;08;44,0;20,2
37179001;TOURS;108;09;51,8;16,8
37179001;TOURS;108;10;66,0;13,0
37179001;TOURS;108;11;69,3;8,3
37179001;TOURS;108;12;72,1;5,5
37179001;TOURS;108;13;677,8;12,2
38384001;GRENOBLE-ST GEOIRS;384;01;63,3;2,8
38384001;GRENOBLE-ST GEOIRS;384;02;48,7;3,8
38384001;GRENOBLE-ST GEOIRS;384;03;63,0;7,4
38384001;GRENOBLE-ST GEOIRS;384;04;75,5;10,4
38384001;GRENOBLE-ST GEOIRS;384;05;90,7;14,5
38384001;GRENOBLE-ST GEOIRS;384;06;73,3;18,4
38384001;GRENOBLE-ST GEOIRS;384;07;66,5;20,6
38384001;GRENOBLE-ST GEOIRS;384;08;66,3;20,5
38384001;GRENOBLE-ST GEOIRS;384;09;98,9;16,4
38384001;GRENOBLE-ST GEOIRS;384;10;106,7;12,3
38384001;GRENOBLE-ST GEOIRS;384;11;98,6;6,9
38384001;GRENOBLE-ST GEOIRS;384;12;63,6;3,5
38384001;GRENOBLE-ST GEOIRS;384;13;915,1;11,5
39526003;TAVAUX SA;195;01;59,3;3,0
39526003;TAVAUX SA;195;02;54,5;4,1
39526003;TAVAUX SA;195;03;58,9;7,7
39526003;TAVAUX SA;195;04;66,2;11,2
39526003;TAVAUX SA;195;05;90,3;14,9
39526003;TAVAUX SA;195;06;72,9;18,8
39526003;TAVAUX SA;195;07;71,4;20,6
39526003;TAVAUX SA;195;08;79,5;20,3
39526003;TAVAUX SA;195;09;69,9;16,5
39526003;TAVAUX SA;195;10;86,6;12,5
39526003;TAVAUX SA;195;11;90,1;6,9
39526003;TAVAUX SA;195;12;69,1;3,7
39526003;TAVAUX SA;195;13;868,7;11,7
40046001;BISCARROSSE;35;01;86,6;8,2
40046001;BISCARROSSE;35;02;64,5;8,7
40046001;BISCARROSSE;35;03;57,9;11,1
40046001;BISCARROSSE;35;04;65,7;13,0
40046001;BISCARROSSE;35;05;64,0;16,3
40046001;BISCARROSSE;35;06;61,2;19,2
40046001;BISCARROSSE;35;07;40,8;21,2
40046001;BISCARROSSE;35;08;56,4;21,5
40046001;BISCARROSSE;35;09;72,7;19,2
40046001;BISCARROSSE;35;10;77,9;16,1
40046001;BISCARROSSE;35;11;115,2;11,6
40046001;BISCARROSSE;35;12;88,6;8,9
40046001;BISCARROSSE;35;13;851,5;14,6
40088001;DAX;31;01;112,6;7,5
40088001;DAX;31;02;89,7;8,3
40088001;DAX;31;03;85,6;11,2
40088001;DAX;31;04;103,9;13,3
40088001;DAX;31;05;92,7;16,7
40088001;DAX;31;06;73,7;19,8
40088001;DAX;31;07;62,7;21,6
40088001;DAX;31;08;63,3;21,9
40088001;DAX;31;09;88,9;19,2
40088001;DAX;31;10;108,3;15,6
40088001;DAX;31;11;156,6;10,7
40088001;DAX;31;12;117,2;8,0
40088001;DAX;31;13;1155,2;14,5
40192001;MONT-DE-MARSAN;59;01;82,2;6,5
40192001;MONT-DE-MARSAN;59;02;61,8;7,2
40192001;MONT-DE-MARSAN;59;03;68,6;10,3
40192001;MONT-DE-MARSAN;59;04;87,7;12,7
40192001;MONT-DE-MARSAN;59;05;79,1;16,3
40192001;MONT-DE-MARSAN;59;06;73,0;19,6
40192001;MONT-DE-MARSAN;59;07;55,4;21,6
40192001;MONT-DE-MARSAN;59;08;59,7;21,8
40192001;MONT-DE-MARSAN;59;09;72,6;18,5
40192001;MONT-DE-MARSAN;59;10;85,4;14,8
40192001;MONT-DE-MARSAN;59;11;105,1;9,7
40192001;MONT-DE-MARSAN;59;12;87,5;7,0
40192001;MONT-DE-MARSAN;59;13;918,1;13,8
41097001;ROMORANTIN;83;01;55,6;4,6
41097001;ROMORANTIN;83;02;47,1;5,0
41097001;ROMORANTIN;83;03;47,1;8,0
41097001;ROMORANTIN;83;04;57,4;10,4
41097001;ROMORANTIN;83;05;68,5;14,2
41097001;ROMORANTIN;83;06;53,5;17,6
41097001;ROMORANTIN;83;07;55,9;19,5
41097001;ROMORANTIN;83;08;54,4;19,3
41097001;ROMORANTIN;83;09;55,4;15,6
41097001;ROMORANTIN;83;10;70,2;12,2
41097001;ROMORANTIN;83;11;64,2;7,6
41097001;ROMORANTIN;83;12;66,4;4,9
41097001;ROMORANTIN;83;13;695,7;11,6
41281001;BLOIS;119;01;52,5;4,6
41281001;BLOIS;119;02;46,4;5,1
41281001;BLOIS;119;03;47,1;8,1
41281001;BLOIS;119;04;50,8;10,6
41281001;BLOIS;119;05;61,2;14,1
41281001;BLOIS;119;06;51,5;17,6
41281001;BLOIS;119;07;51,7;19,8
41281001;BLOIS;119;08;42,1;19,8
41281001;BLOIS;119;09;49,3;16,3
41281001;BLOIS;119;10;62,0;12,5
41281001;BLOIS;119;11;62,1;7,8
41281001;BLOIS;119;12;64,7;5,0
41281001;BLOIS;119;13;641,4;11,8
42005001;ST ETIENNE-BOUTHEON;395;01;38,3;3,8
42005001;ST ETIENNE-BOUTHEON;395;02;30,3;4,5
42005001;ST ETIENNE-BOUTHEON;395;03;33,9;7,8
42005001;ST ETIENNE-BOUTHEON;395;04;55,0;10,7
42005001;ST ETIENNE-BOUTHEON;395;05;81,5;14,6
42005001;ST ETIENNE-BOUTHEON;395;06;80,8;18,5
42005001;ST ETIENNE-BOUTHEON;395;07;77,2;20,7
42005001;ST ETIENNE-BOUTHEON;395;08;72,8;20,6
42005001;ST ETIENNE-BOUTHEON;395;09;70,3;16,4
42005001;ST ETIENNE-BOUTHEON;395;10;76,2;12,7
42005001;ST ETIENNE-BOUTHEON;395;11;73,0;7,6
42005001;ST ETIENNE-BOUTHEON;395;12;39,0;4,6
42005001;ST ETIENNE-BOUTHEON;395;13;728,3;11,9
43062001;LE PUY-LOUDES;833;01;38,6;1,4
43062001;LE PUY-LOUDES;833;02;28,9;1,9
43062001;LE PUY-LOUDES;833;03;33,6;5,1
43062001;LE PUY-LOUDES;833;04;58,5;7,7
43062001;LE PUY-LOUDES;833;05;73,8;11,5
43062001;LE PUY-LOUDES;833;06;74,4;15,4
43062001;LE PUY-LOUDES;833;07;71,4;17,7
43062001;LE PUY-LOUDES;833;08;61,0;17,5
43062001;LE PUY-LOUDES;833;09;68,5;13,5
43062001;LE PUY-LOUDES;833;10;67,2;10,0
43062001;LE PUY-LOUDES;833;11;65,1;5,0
43062001;LE PUY-LOUDES;833;12;41,4;2,2
43062001;LE PUY-LOUDES;833;13;682,4;9,1
44020001;NANTES-BOUGUENAIS;26;01;87,9;6,4
44020001;NANTES-BOUGUENAIS;26;02;67,5;6,7
44020001;NANTES-BOUGUENAIS;26;03;58,4;9,2
44020001;NANTES-BOUGUENAIS;26;04;58,3;11,4
44020001;NANTES-BOUGUENAIS;26;05;61,0;14,7
44020001;NANTES-BOUGUENAIS;26;06;48,5;17,8
44020001;NANTES-BOUGUENAIS;26;07;44,2;19,7
44020001;NANTES-BOUGUENAIS;26;08;50,3;19,8
44020001;NANTES-BOUGUENAIS;26;09;59,5;17,1
44020001;NANTES-BOUGUENAIS;26;10;88,8;13,5
44020001;NANTES-BOUGUENAIS;26;11;94,1;9,4
44020001;NANTES-BOUGUENAIS;26;12;101,0;6,7
44020001;NANTES-BOUGUENAIS;26;13;819,5;12,7
44103001;ST NAZAIRE-MONTOIR;3;01;87,7;6,6
44103001;ST NAZAIRE-MONTOIR;3;02;68,3;6,9
44103001;ST NAZAIRE-MONTOIR;3;03;58,6;9,1
44103001;ST NAZAIRE-MONTOIR;3;04;56,6;11,2
44103001;ST NAZAIRE-MONTOIR;3;05;54,9;14,5
44103001;ST NAZAIRE-MONTOIR;3;06;40,0;17,5
44103001;ST NAZAIRE-MONTOIR;3;07;38,6;19,3
44103001;ST NAZAIRE-MONTOIR;3;08;44,1;19,2
44103001;ST NAZAIRE-MONTOIR;3;09;63,4;16,7
44103001;ST NAZAIRE-MONTOIR;3;10;87,7;13,5
44103001;ST NAZAIRE-MONTOIR;3;11;95,4;9,6
44103001;ST NAZAIRE-MONTOIR;3;12;96,7;7,1
44103001;ST NAZAIRE-MONTOIR;3;13;792,0;12,6
45055001;ORLEANS;123;01;48,1;4,4
45055001;ORLEANS;123;02;44,9;4,9
45055001;ORLEANS;123;03;44,2;7,9
45055001;ORLEANS;123;04;47,2;10,6
45055001;ORLEANS;123;05;63,0;14,2
45055001;ORLEANS;123;06;51,0;17,5
45055001;ORLEANS;123;07;57,2;19,7
45055001;ORLEANS;123;08;50,5;19,7
45055001;ORLEANS;123;09;51,3;16,1
45055001;ORLEANS;123;10;59,3;12,4
45055001;ORLEANS;123;11;60,3;7,7
45055001;ORLEANS;123;12;58,5;4,8
45055001;ORLEANS;123;13;635,5;11,7
46127001;GOURDON;260;01;64,7;5,5
46127001;GOURDON;260;02;50,8;6,2
46127001;GOURDON;260;03;61,0;9,5
46127001;GOURDON;260;04;82,6;12,0
46127001;GOURDON;260;05;82,2;15,6
46127001;GOURDON;260;06;76,2;19,0
46127001;GOURDON;260;07;54,7;21,0
46127001;GOURDON;260;08;63,2;21,2
46127001;GOURDON;260;09;73,7;17,6
46127001;GOURDON;260;10;70,5;14,1
46127001;GOURDON;260;11;76,2;8,8
46127001;GOURDON;260;12;67,2;6,1
46127001;GOURDON;260;13;823,0;13,1
47091001;AGEN-LA GARENNE;58;01;59,6;6,1
47091001;AGEN-LA GARENNE;58;02;44,2;6,9
47091001;AGEN-LA GARENNE;58;03;49,0;10,1
47091001;AGEN-LA GARENNE;58;04;70,0;12,6
47091001;AGEN-LA GARENNE;58;05;73,3;16,3
47091001;AGEN-LA GARENNE;58;06;62,2;19,8
47091001;AGEN-LA GARENNE;58;07;49,4;21,9
47091001;AGEN-LA GARENNE;58;08;50,4;22,0
47091001;AGEN-LA GARENNE;58;09;60,6;18,6
47091001;AGEN-LA GARENNE;58;10;58,7;14,9
47091001;AGEN-LA GARENNE;58;11;70,1;9,6
47091001;AGEN-LA GARENNE;58;12;60,7;6,6
47091001;AGEN-LA GARENNE;58;13;708,2;13,8
48095005;MENDE;932;01;;
48095005;MENDE;932;02;;
48095005;MENDE;932;03;;
48095005;MENDE;932;04;;
48095005;MENDE;932;05;;
48095005;MENDE;932;06;;
48095005;MENDE;932;07;;
48095005;MENDE;932;08;;
48095005;MENDE;932;09;;
48095005;MENDE;932;10;;
48095005;MENDE;932;11;;
48095005;MENDE;932;12;;
48095005;MENDE;932;13;;
49020001;BEAUCOUZE;50;01;69,9;6,0
49020001;BEAUCOUZE;50;02;54,4;6,4
49020001;BEAUCOUZE;50;03;52,8;9,0
49020001;BEAUCOUZE;50;04;54,7;11,3
49020001;BEAUCOUZE;50;05;59,4;14,7
49020001;BEAUCOUZE;50;06;48,7;18,1
49020001;BEAUCOUZE;50;07;45,0;20,0
49020001;BEAUCOUZE;50;08;48,2;20,1
49020001;BEAUCOUZE;50;09;56,5;16,9
49020001;BEAUCOUZE;50;10;71,9;13,4
49020001;BEAUCOUZE;50;11;72,9;9,1
49020001;BEAUCOUZE;50;12;74,9;6,3
49020001;BEAUCOUZE;50;13;709,3;12,6
49188001;MARCE;53;01;67,3;
49188001;MARCE;53;02;52,9;
49188001;MARCE;53;03;50,3;
49188001;MARCE;53;04;54,2;
49188001;MARCE;53;05;57,7;
49188001;MARCE;53;06;50,4;
49188001;MARCE;53;07;46,9;
49188001;MARCE;53;08;52,1;
49188001;MARCE;53;09;54,1;
49188001;MARCE;53;10;71,0;
49188001;MARCE;53;11;70,2;
49188001;MARCE;53;12;74,0;
49188001;MARCE;53;13;701,1;
50020001;PTE DE LA HAGUE;6;01;87,5;
50020001;PTE DE LA HAGUE;6;02;67,2;
50020001;PTE DE LA HAGUE;6;03;55,6;
50020001;PTE DE LA HAGUE;6;04;45,6;
50020001;PTE DE LA HAGUE;6;05;43,7;
50020001;PTE DE LA HAGUE;6;06;44,7;
50020001;PTE DE LA HAGUE;6;07;41,8;
50020001;PTE DE LA HAGUE;6;08;52,0;
50020001;PTE DE LA HAGUE;6;09;52,8;
50020001;PTE DE LA HAGUE;6;10;93,1;
50020001;PTE DE LA HAGUE;6;11;97,9;
50020001;PTE DE LA HAGUE;6;12;108,0;
50020001;PTE DE LA HAGUE;6;13;789,9;
50209001;GONNEVILLE;134;01;101,7;6,0
50209001;GONNEVILLE;134;02;75,1;6,0
50209001;GONNEVILLE;134;03;64,8;7,5
50209001;GONNEVILLE;134;04;60,4;9,3
50209001;GONNEVILLE;134;05;56,7;12,0
50209001;GONNEVILLE;134;06;51,8;14,6
50209001;GONNEVILLE;134;07;48,5;16,5
50209001;GONNEVILLE;134;08;62,0;16,8
50209001;GONNEVILLE;134;09;69,1;15,1
50209001;GONNEVILLE;134;10;111,5;12,3
50209001;GONNEVILLE;134;11;113,5;9,0
50209001;GONNEVILLE;134;12;125,3;6,8
50209001;GONNEVILLE;134;13;940,4;11,0
51449002;REIMS-PRUNAY;95;01;;3,5
51449002;REIMS-PRUNAY;95;02;;4,2
51449002;REIMS-PRUNAY;95;03;;7,2
51449002;REIMS-PRUNAY;95;04;;10,0
51449002;REIMS-PRUNAY;95;05;;13,6
51449002;REIMS-PRUNAY;95;06;;16,8
51449002;REIMS-PRUNAY;95;07;;19,1
51449002;REIMS-PRUNAY;95;08;;18,8
51449002;REIMS-PRUNAY;95;09;;15,3
51449002;REIMS-PRUNAY;95;10;;11,6
51449002;REIMS-PRUNAY;95;11;;6,9
51449002;REIMS-PRUNAY;95;12;;4,2
51449002;REIMS-PRUNAY;95;13;;10,9
51595002;VATRY-AERO;179;01;;
51595002;VATRY-AERO;179;02;;
51595002;VATRY-AERO;179;03;;
51595002;VATRY-AERO;179;04;;
51595002;VATRY-AERO;179;05;;
51595002;VATRY-AERO;179;06;;
51595002;VATRY-AERO;179;07;;
51595002;VATRY-AERO;179;08;;
51595002;VATRY-AERO;179;09;;
51595002;VATRY-AERO;179;10;;
51595002;VATRY-AERO;179;11;;
51595002;VATRY-AERO;179;12;;
51595002;VATRY-AERO;179;13;;
52269001;LANGRES;466;01;78,5;1,6
52269001;LANGRES;466;02;63,4;2,7
52269001;LANGRES;466;03;66,3;6,3
52269001;LANGRES;466;04;59,6;9,7
52269001;LANGRES;466;05;82,5;13,4
52269001;LANGRES;466;06;69,7;17,0
52269001;LANGRES;466;07;77,3;19,2
52269001;LANGRES;466;08;69,5;19,1
52269001;LANGRES;466;09;65,7;15,1
52269001;LANGRES;466;10;83,4;10,7
52269001;LANGRES;466;11;88,3;5,5
52269001;LANGRES;466;12;91,9;2,4
52269001;LANGRES;466;13;896,1;10,2
52448001;ST-DIZIER;139;01;63,2;3,7
52448001;ST-DIZIER;139;02;61,2;4,4
52448001;ST-DIZIER;139;03;59,6;7,6
52448001;ST-DIZIER;139;04;54,6;10,8
52448001;ST-DIZIER;139;05;68,3;14,7
52448001;ST-DIZIER;139;06;57,5;18,1
52448001;ST-DIZIER;139;07;69,6;20,2
52448001;ST-DIZIER;139;08;65,1;19,9
52448001;ST-DIZIER;139;09;70,9;16,0
52448001;ST-DIZIER;139;10;75,4;12,1
52448001;ST-DIZIER;139;11;70,6;7,3
52448001;ST-DIZIER;139;12;78,5;4,4
52448001;ST-DIZIER;139;13;794,5;11,6
53130008;LAVAL-ETRONNIER;100;01;74,0;5,4
53130008;LAVAL-ETRONNIER;100;02;55,0;5,9
53130008;LAVAL-ETRONNIER;100;03;53,9;8,3
53130008;LAVAL-ETRONNIER;100;04;55,0;10,7
53130008;LAVAL-ETRONNIER;100;05;63,9;14,0
53130008;LAVAL-ETRONNIER;100;06;53,3;17,2
53130008;LAVAL-ETRONNIER;100;07;48,1;19,1
53130008;LAVAL-ETRONNIER;100;08;51,3;19,2
53130008;LAVAL-ETRONNIER;100;09;60,1;16,3
53130008;LAVAL-ETRONNIER;100;10;79,1;12,7
53130008;LAVAL-ETRONNIER;100;11;76,0;8,5
53130008;LAVAL-ETRONNIER;100;12;87,4;5,8
53130008;LAVAL-ETRONNIER;100;13;757,1;11,9
54405001;NANCY-OCHEY;336;01;66,7;2,1
54405001;NANCY-OCHEY;336;02;60,1;3,1
54405001;NANCY-OCHEY;336;03;58,8;6,5
54405001;NANCY-OCHEY;336;04;50,5;9,9
54405001;NANCY-OCHEY;336;05;74,0;13,7
54405001;NANCY-OCHEY;336;06;62,0;17,2
54405001;NANCY-OCHEY;336;07;68,8;19,3
54405001;NANCY-OCHEY;336;08;71,7;19,1
54405001;NANCY-OCHEY;336;09;66,9;15,0
54405001;NANCY-OCHEY;336;10;72,6;10,9
54405001;NANCY-OCHEY;336;11;75,5;6,0
54405001;NANCY-OCHEY;336;12;82,8;3,0
54405001;NANCY-OCHEY;336;13;810,4;10,5
54526001;NANCY-ESSEY;212;01;64,4;2,6
54526001;NANCY-ESSEY;212;02;54,8;3,5
54526001;NANCY-ESSEY;212;03;54,1;6,9
54526001;NANCY-ESSEY;212;04;44,3;10,2
54526001;NANCY-ESSEY;212;05;67,9;14,2
54526001;NANCY-ESSEY;212;06;56,0;17,9
54526001;NANCY-ESSEY;212;07;63,0;20,0
54526001;NANCY-ESSEY;212;08;67,2;19,6
54526001;NANCY-ESSEY;212;09;61,1;15,6
54526001;NANCY-ESSEY;212;10;66,5;11,3
54526001;NANCY-ESSEY;212;11;68,9;6,4
54526001;NANCY-ESSEY;212;12;78,1;3,5
54526001;NANCY-ESSEY;212;13;746,3;11,0
56009001;BELLE ILE-LE TALUT;34;01;81,0;8,2
56009001;BELLE ILE-LE TALUT;34;02;59,2;7,9
56009001;BELLE ILE-LE TALUT;34;03;48,4;9,5
56009001;BELLE ILE-LE TALUT;34;04;47,2;11,2
56009001;BELLE ILE-LE TALUT;34;05;43,3;14,0
56009001;BELLE ILE-LE TALUT;34;06;34,4;16,6
56009001;BELLE ILE-LE TALUT;34;07;37,1;18,3
56009001;BELLE ILE-LE TALUT;34;08;40,3;18,6
56009001;BELLE ILE-LE TALUT;34;09;53,0;17,0
56009001;BELLE ILE-LE TALUT;34;10;71,7;14,4
56009001;BELLE ILE-LE TALUT;34;11;83,6;11,4
56009001;BELLE ILE-LE TALUT;34;12;81,6;9,1
56009001;BELLE ILE-LE TALUT;34;13;680,8;13,0
56069001;ILE DE GROIX;41;01;98,2;
56069001;ILE DE GROIX;41;02;72,2;
56069001;ILE DE GROIX;41;03;62,8;
56069001;ILE DE GROIX;41;04;61,1;
56069001;ILE DE GROIX;41;05;51,4;
56069001;ILE DE GROIX;41;06;42,9;
56069001;ILE DE GROIX;41;07;43,0;
56069001;ILE DE GROIX;41;08;44,2;
56069001;ILE DE GROIX;41;09;53,9;
56069001;ILE DE GROIX;41;10;88,3;
56069001;ILE DE GROIX;41;11;95,9;
56069001;ILE DE GROIX;41;12;102,8;
56069001;ILE DE GROIX;41;13;816,7;
56185001;LORIENT-LANN BIHOUE;45;01;109,0;6,9
56185001;LORIENT-LANN BIHOUE;45;02;82,5;7,1
56185001;LORIENT-LANN BIHOUE;45;03;66,2;8,8
56185001;LORIENT-LANN BIHOUE;45;04;67,5;10,7
56185001;LORIENT-LANN BIHOUE;45;05;66,0;13,7
56185001;LORIENT-LANN BIHOUE;45;06;52,0;16,4
56185001;LORIENT-LANN BIHOUE;45;07;55,2;18,0
56185001;LORIENT-LANN BIHOUE;45;08;53,3;18,1
56185001;LORIENT-LANN BIHOUE;45;09;65,7;16,1
56185001;LORIENT-LANN BIHOUE;45;10;103,8;13,3
56185001;LORIENT-LANN BIHOUE;45;11;107,6;9,8
56185001;LORIENT-LANN BIHOUE;45;12;114,5;7,5
56185001;LORIENT-LANN BIHOUE;45;13;943,3;12,2
57251001;AEROPORT METZ-NANCY-LORRAINE;260;01;52,7;2,1
57251001;AEROPORT METZ-NANCY-LORRAINE;260;02;47,7;3,2
57251001;AEROPORT METZ-NANCY-LORRAINE;260;03;46,8;6,5
57251001;AEROPORT METZ-NANCY-LORRAINE;260;04;39,9;10,1
57251001;AEROPORT METZ-NANCY-LORRAINE;260;05;63,6;14,1
57251001;AEROPORT METZ-NANCY-LORRAINE;260;06;56,5;17,6
57251001;AEROPORT METZ-NANCY-LORRAINE;260;07;64,0;19,7
57251001;AEROPORT METZ-NANCY-LORRAINE;260;08;60,2;19,4
57251001;AEROPORT METZ-NANCY-LORRAINE;260;09;59,3;15,3
57251001;AEROPORT METZ-NANCY-LORRAINE;260;10;61,2;11,0
57251001;AEROPORT METZ-NANCY-LORRAINE;260;11;60,4;6,0
57251001;AEROPORT METZ-NANCY-LORRAINE;260;12;66,5;3,0
57251001;AEROPORT METZ-NANCY-LORRAINE;260;13;678,8;10,7
58160001;NEVERS-MARZY;175;01;63,0;3,9
58160001;NEVERS-MARZY;175;02;55,2;4,5
58160001;NEVERS-MARZY;175;03;52,6;7,6
58160001;NEVERS-MARZY;175;04;68,8;10,3
58160001;NEVERS-MARZY;175;05;73,2;14,0
58160001;NEVERS-MARZY;175;06;61,8;17,6
58160001;NEVERS-MARZY;175;07;58,1;19,6
58160001;NEVERS-MARZY;175;08;61,7;19,4
58160001;NEVERS-MARZY;175;09;63,5;15,5
58160001;NEVERS-MARZY;175;10;74,4;12,1
58160001;NEVERS-MARZY;175;11;75,4;7,3
58160001;NEVERS-MARZY;175;12;75,8;4,5
58160001;NEVERS-MARZY;175;13;783,5;11,4
59183001;DUNKERQUE;11;01;53,9;5,5
59183001;DUNKERQUE;11;02;45,4;5,7
59183001;DUNKERQUE;11;03;41,9;7,7
59183001;DUNKERQUE;11;04;36,7;10,3
59183001;DUNKERQUE;11;05;45,5;13,3
59183001;DUNKERQUE;11;06;54,5;16,1
59183001;DUNKERQUE;11;07;58,5;18,4
59183001;DUNKERQUE;11;08;64,2;18,8
59183001;DUNKERQUE;11;09;64,9;16,5
59183001;DUNKERQUE;11;10;73,0;13,0
59183001;DUNKERQUE;11;11;79,5;9,0
59183001;DUNKERQUE;11;12;72,8;6,2
59183001;DUNKERQUE;11;13;690,8;11,7
59343001;LILLE-LESQUIN;47;01;58,2;4,1
59343001;LILLE-LESQUIN;47;02;50,8;4,7
59343001;LILLE-LESQUIN;47;03;52,1;7,5
59343001;LILLE-LESQUIN;47;04;45,3;10,5
59343001;LILLE-LESQUIN;47;05;61,6;13,8
59343001;LILLE-LESQUIN;47;06;63,7;16,7
59343001;LILLE-LESQUIN;47;07;67,8;18,9
59343001;LILLE-LESQUIN;47;08;71,3;18,8
59343001;LILLE-LESQUIN;47;09;56,8;15,8
59343001;LILLE-LESQUIN;47;10;64,1;11,9
59343001;LILLE-LESQUIN;47;11;75,0;7,6
59343001;LILLE-LESQUIN;47;12;73,3;4,7
59343001;LILLE-LESQUIN;47;13;740,0;11,3
60175001;CREIL;88;01;56,2;4,1
60175001;CREIL;88;02;47,1;4,6
60175001;CREIL;88;03;48,2;7,5
60175001;CREIL;88;04;45,2;10,3
60175001;CREIL;88;05;60,0;13,7
60175001;CREIL;88;06;56,0;16,9
60175001;CREIL;88;07;56,0;19,2
60175001;CREIL;88;08;57,6;19,0
60175001;CREIL;88;09;45,0;15,6
60175001;CREIL;88;10;61,1;11,9
60175001;CREIL;88;11;59,2;7,4
60175001;CREIL;88;12;70,6;4,5
60175001;CREIL;88;13;662,2;11,2
60639001;BEAUVAIS-TILLE;89;01;53,8;4,1
60639001;BEAUVAIS-TILLE;89;02;44,9;4,5
60639001;BEAUVAIS-TILLE;89;03;45,8;7,3
60639001;BEAUVAIS-TILLE;89;04;44,5;9,8
60639001;BEAUVAIS-TILLE;89;05;60,6;13,2
60639001;BEAUVAIS-TILLE;89;06;53,0;16,4
60639001;BEAUVAIS-TILLE;89;07;54,0;18,6
60639001;BEAUVAIS-TILLE;89;08;57,8;18,6
60639001;BEAUVAIS-TILLE;89;09;48,5;15,4
60639001;BEAUVAIS-TILLE;89;10;58,1;11,7
60639001;BEAUVAIS-TILLE;89;11;58,4;7,4
60639001;BEAUVAIS-TILLE;89;12;76,1;4,5
60639001;BEAUVAIS-TILLE;89;13;655,5;11,0
61001001;ALENCON;143;01;74,8;4,7
61001001;ALENCON;143;02;56,6;5,2
61001001;ALENCON;143;03;52,8;7,7
61001001;ALENCON;143;04;49,7;10,1
61001001;ALENCON;143;05;62,0;13,4
61001001;ALENCON;143;06;55,4;16,6
61001001;ALENCON;143;07;50,8;18,7
61001001;ALENCON;143;08;51,4;18,7
61001001;ALENCON;143;09;54,5;15,5
61001001;ALENCON;143;10;72,0;12,0
61001001;ALENCON;143;11;75,9;7,8
61001001;ALENCON;143;12;87,8;5,0
61001001;ALENCON;143;13;743,7;11,3
62160001;BOULOGNE-SEM;73;01;77,0;5,3
62160001;BOULOGNE-SEM;73;02;56,0;5,4
62160001;BOULOGNE-SEM;73;03;48,0;7,4
62160001;BOULOGNE-SEM;73;04;48,1;9,8
62160001;BOULOGNE-SEM;73;05;54,6;12,7
62160001;BOULOGNE-SEM;73;06;48,0;15,3
62160001;BOULOGNE-SEM;73;07;54,3;17,4
62160001;BOULOGNE-SEM;73;08;63,2;18,0
62160001;BOULOGNE-SEM;73;09;69,6;15,8
62160001;BOULOGNE-SEM;73;10;95,8;12,6
62160001;BOULOGNE-SEM;73;11;106,8;8,8
62160001;BOULOGNE-SEM;73;12;103,1;6,0
62160001;BOULOGNE-SEM;73;13;824,5;11,2
62826001;LE-TOUQUET;5;01;76,8;5,1
62826001;LE-TOUQUET;5;02;61,7;5,3
62826001;LE-TOUQUET;5;03;54,2;7,5
62826001;LE-TOUQUET;5;04;50,2;9,9
62826001;LE-TOUQUET;5;05;59,0;13,0
62826001;LE-TOUQUET;5;06;55,9;15,6
62826001;LE-TOUQUET;5;07;58,8;17,6
62826001;LE-TOUQUET;5;08;73,0;18,0
62826001;LE-TOUQUET;5;09;76,8;15,6
62826001;LE-TOUQUET;5;10;101,3;12,4
62826001;LE-TOUQUET;5;11;114,2;8,4
62826001;LE-TOUQUET;5;12;106,9;5,7
62826001;LE-TOUQUET;5;13;888,8;11,2
63113001;CLERMONT-FD;331;01;26,6;4,3
63113001;CLERMONT-FD;331;02;18,7;5,1
63113001;CLERMONT-FD;331;03;26,1;8,3
63113001;CLERMONT-FD;331;04;51,1;10,9
63113001;CLERMONT-FD;331;05;66,5;14,8
63113001;CLERMONT-FD;331;06;67,5;18,4
63113001;CLERMONT-FD;331;07;63,3;20,6
63113001;CLERMONT-FD;331;08;62,0;20,6
63113001;CLERMONT-FD;331;09;57,5;16,7
63113001;CLERMONT-FD;331;10;48,8;13,0
63113001;CLERMONT-FD;331;11;46,2;7,9
63113001;CLERMONT-FD;331;12;29,1;5,0
63113001;CLERMONT-FD;331;13;563,4;12,1
64024001;BIARRITZ-PAYS-BASQUE;71;01;139,6;8,6
64024001;BIARRITZ-PAYS-BASQUE;71;02;110,4;8,9
64024001;BIARRITZ-PAYS-BASQUE;71;03;102,8;11,2
64024001;BIARRITZ-PAYS-BASQUE;71;04;117,7;12,8
64024001;BIARRITZ-PAYS-BASQUE;71;05;116,1;15,9
64024001;BIARRITZ-PAYS-BASQUE;71;06;99,2;18,7
64024001;BIARRITZ-PAYS-BASQUE;71;07;77,3;20,6
64024001;BIARRITZ-PAYS-BASQUE;71;08;87,5;21,2
64024001;BIARRITZ-PAYS-BASQUE;71;09;118,2;18,9
64024001;BIARRITZ-PAYS-BASQUE;71;10;147,3;16,1
64024001;BIARRITZ-PAYS-BASQUE;71;11;206,9;11,6
64024001;BIARRITZ-PAYS-BASQUE;71;12;150,6;9,3
64024001;BIARRITZ-PAYS-BASQUE;71;13;1473,6;14,5
64189001;SOCOA;21;01;146,4;9,6
64189001;SOCOA;21;02;119,0;9,7
64189001;SOCOA;21;03;111,0;11,7
64189001;SOCOA;21;04;127,7;13,2
64189001;SOCOA;21;05;115,2;16,0
64189001;SOCOA;21;06;95,3;18,8
64189001;SOCOA;21;07;77,2;20,8
64189001;SOCOA;21;08;92,4;21,5
64189001;SOCOA;21;09;122,0;19,3
64189001;SOCOA;21;10;142,8;16,8
64189001;SOCOA;21;11;208,5;12,6
64189001;SOCOA;21;12;163,8;10,4
64189001;SOCOA;21;13;1521,3;15,0
64549001;PAU-UZEIN;183;01;101,8;6,8
64549001;PAU-UZEIN;183;02;82,8;7,4
64549001;PAU-UZEIN;183;03;85,7;10,3
64549001;PAU-UZEIN;183;04;106,4;12,5
64549001;PAU-UZEIN;183;05;104,2;16,0
64549001;PAU-UZEIN;183;06;85,7;19,1
64549001;PAU-UZEIN;183;07;64,1;20,9
64549001;PAU-UZEIN;183;08;64,7;21,1
64549001;PAU-UZEIN;183;09;76,8;18,3
64549001;PAU-UZEIN;183;10;91,5;15,0
64549001;PAU-UZEIN;183;11;132,0;10,0
64549001;PAU-UZEIN;183;12;98,1;7,5
64549001;PAU-UZEIN;183;13;1093,8;13,7
65344001;TARBES-LOURDES-PYRENEES;360;01;99,1;5,8
65344001;TARBES-LOURDES-PYRENEES;360;02;82,9;6,5
65344001;TARBES-LOURDES-PYRENEES;360;03;84,4;9,2
65344001;TARBES-LOURDES-PYRENEES;360;04;111,6;11,3
65344001;TARBES-LOURDES-PYRENEES;360;05;110,6;14,9
65344001;TARBES-LOURDES-PYRENEES;360;06;80,9;18,2
65344001;TARBES-LOURDES-PYRENEES;360;07;70,9;20,1
65344001;TARBES-LOURDES-PYRENEES;360;08;67,4;20,4
65344001;TARBES-LOURDES-PYRENEES;360;09;73,6;17,5
65344001;TARBES-LOURDES-PYRENEES;360;10;82,5;14,1
65344001;TARBES-LOURDES-PYRENEES;360;11;120,8;9,1
65344001;TARBES-LOURDES-PYRENEES;360;12;96,3;6,7
65344001;TARBES-LOURDES-PYRENEES;360;13;1081,0;12,8
66136001;PERPIGNAN;42;01;60,1;8,7
66136001;PERPIGNAN;42;02;40,9;9,2
66136001;PERPIGNAN;42;03;51,6;12,0
66136001;PERPIGNAN;42;04;66,1;14,2
66136001;PERPIGNAN;42;05;45,6;17,8
66136001;PERPIGNAN;42;06;23,6;22,0
66136001;PERPIGNAN;42;07;15,1;24,6
66136001;PERPIGNAN;42;08;22,7;24,5
66136001;PERPIGNAN;42;09;43,0;20,9
66136001;PERPIGNAN;42;10;82,1;17,0
66136001;PERPIGNAN;42;11;72,6;12,3
66136001;PERPIGNAN;42;12;54,9;9,3
66136001;PERPIGNAN;42;13;578,3;16,0
66148001;CAP BEAR;82;01;63,9;
66148001;CAP BEAR;82;02;39,1;
66148001;CAP BEAR;82;03;49,1;
66148001;CAP BEAR;82;04;59,7;
66148001;CAP BEAR;82;05;53,6;
66148001;CAP BEAR;82;06;34,5;
66148001;CAP BEAR;82;07;15,9;
66148001;CAP BEAR;82;08;24,2;
66148001;CAP BEAR;82;09;59,5;
66148001;CAP BEAR;82;10;95,3;
66148001;CAP BEAR;82;11;75,6;
66148001;CAP BEAR;82;12;55,8;
66148001;CAP BEAR;82;13;626,2;
67124001;STRASBOURG-ENTZHEIM;150;01;35,4;2,5
67124001;STRASBOURG-ENTZHEIM;150;02;34,1;3,6
67124001;STRASBOURG-ENTZHEIM;150;03;38,6;7,4
67124001;STRASBOURG-ENTZHEIM;150;04;41,8;11,3
67124001;STRASBOURG-ENTZHEIM;150;05;77,2;15,5
67124001;STRASBOURG-ENTZHEIM;150;06;68,5;18,9
67124001;STRASBOURG-ENTZHEIM;150;07;71,9;20,6
67124001;STRASBOURG-ENTZHEIM;150;08;61,3;20,3
67124001;STRASBOURG-ENTZHEIM;150;09;54,6;16,1
67124001;STRASBOURG-ENTZHEIM;150;10;59,5;11,5
67124001;STRASBOURG-ENTZHEIM;150;11;47,6;6,3
67124001;STRASBOURG-ENTZHEIM;150;12;45,2;3,3
67124001;STRASBOURG-ENTZHEIM;150;13;635,7;11,4
68205001;COLMAR-MEYENHEIM;207;01;33,1;2,4
68205001;COLMAR-MEYENHEIM;207;02;30,6;3,5
68205001;COLMAR-MEYENHEIM;207;03;34,0;7,2
68205001;COLMAR-MEYENHEIM;207;04;42,8;11,1
68205001;COLMAR-MEYENHEIM;207;05;69,8;15,2
68205001;COLMAR-MEYENHEIM;207;06;66,2;18,8
68205001;COLMAR-MEYENHEIM;207;07;62,8;20,6
68205001;COLMAR-MEYENHEIM;207;08;60,8;20,3
68205001;COLMAR-MEYENHEIM;207;09;51,3;16,1
68205001;COLMAR-MEYENHEIM;207;10;56,8;11,5
68205001;COLMAR-MEYENHEIM;207;11;43,6;6,2
68205001;COLMAR-MEYENHEIM;207;12;43,2;3,2
68205001;COLMAR-MEYENHEIM;207;13;595,0;11,3
68297001;BALE-MULHOUSE;263;01;46,1;2,3
68297001;BALE-MULHOUSE;263;02;43,9;3,4
68297001;BALE-MULHOUSE;263;03;47,4;7,0
68297001;BALE-MULHOUSE;263;04;57,6;10,7
68297001;BALE-MULHOUSE;263;05;86,6;14,8
68297001;BALE-MULHOUSE;263;06;74,5;18,5
68297001;BALE-MULHOUSE;263;07;72,0;20,3
68297001;BALE-MULHOUSE;263;08;80,0;20,0
68297001;BALE-MULHOUSE;263;09;63,5;15,8
68297001;BALE-MULHOUSE;263;10;68,5;11,4
68297001;BALE-MULHOUSE;263;11;60,8;6,2
68297001;BALE-MULHOUSE;263;12;63,4;3,1
68297001;BALE-MULHOUSE;263;13;764,3;11,1
69029001;LYON-BRON;202;01;49,8;4,1
69029001;LYON-BRON;202;02;41,6;5,2
69029001;LYON-BRON;202;03;49,4;9,0
69029001;LYON-BRON;202;04;68,9;12,3
69029001;LYON-BRON;202;05;80,9;16,3
69029001;LYON-BRON;202;06;74,1;20,3
69029001;LYON-BRON;202;07;67,4;22,6
69029001;LYON-BRON;202;08;65,5;22,3
69029001;LYON-BRON;202;09;82,5;17,9
69029001;LYON-BRON;202;10;99,8;13,7
69029001;LYON-BRON;202;11;87,2;8,1
69029001;LYON-BRON;202;12;53,7;4,8
69029001;LYON-BRON;202;13;820,8;13,0
69299001;LYON-ST EXUPERY;235;01;55,0;3,9
69299001;LYON-ST EXUPERY;235;02;46,9;4,9
69299001;LYON-ST EXUPERY;235;03;54,1;8,8
69299001;LYON-ST EXUPERY;235;04;72,4;12,1
69299001;LYON-ST EXUPERY;235;05;82,7;16,1
69299001;LYON-ST EXUPERY;235;06;70,7;19,9
69299001;LYON-ST EXUPERY;235;07;67,4;22,1
69299001;LYON-ST EXUPERY;235;08;70,6;21,9
69299001;LYON-ST EXUPERY;235;09;86,6;17,7
69299001;LYON-ST EXUPERY;235;10;101,0;13,5
69299001;LYON-ST EXUPERY;235;11;92,1;7,9
69299001;LYON-ST EXUPERY;235;12;63,0;4,6
69299001;LYON-ST EXUPERY;235;13;862,5;12,8
70473001;LUXEUIL;271;01;79,7;2,2
70473001;LUXEUIL;271;02;68,4;3,2
70473001;LUXEUIL;271;03;69,5;6,8
70473001;LUXEUIL;271;04;66,2;10,1
70473001;LUXEUIL;271;05;93,1;14,2
70473001;LUXEUIL;271;06;83,3;17,8
70473001;LUXEUIL;271;07;81,1;19,7
70473001;LUXEUIL;271;08;77,3;19,5
70473001;LUXEUIL;271;09;80,9;15,4
70473001;LUXEUIL;271;10;93,2;11,3
70473001;LUXEUIL;271;11;89,8;6,2
70473001;LUXEUIL;271;12;94,8;3,0
70473001;LUXEUIL;271;13;977,3;10,8
71105001;MACON;219;01;58,1;3,5
71105001;MACON;219;02;48,9;4,6
71105001;MACON;219;03;49,1;8,5
71105001;MACON;219;04;65,5;11,7
71105001;MACON;219;05;75,7;15,7
71105001;MACON;219;06;69,8;19,5
71105001;MACON;219;07;72,2;21,5
71105001;MACON;219;08;72,6;21,1
71105001;MACON;219;09;71,1;17,0
71105001;MACON;219;10;91,1;12,7
71105001;MACON;219;11;92,8;7,4
71105001;MACON;219;12;66,8;4,1
71105001;MACON;219;13;833,7;12,3
71491001;ST YAN;242;01;51,0;3,6
71491001;ST YAN;242;02;42,5;4,3
71491001;ST YAN;242;03;49,5;7,6
71491001;ST YAN;242;04;60,7;10,4
71491001;ST YAN;242;05;82,4;14,3
71491001;ST YAN;242;06;67,5;18,1
71491001;ST YAN;242;07;71,6;20,3
71491001;ST YAN;242;08;72,1;20,1
71491001;ST YAN;242;09;68,0;15,9
71491001;ST YAN;242;10;73,5;12,2
71491001;ST YAN;242;11;76,0;7,2
71491001;ST YAN;242;12;57,6;4,1
71491001;ST YAN;242;13;772,4;11,5
72181001;LE MANS;51;01;65,9;5,5
72181001;LE MANS;51;02;49,1;5,9
72181001;LE MANS;51;03;52,2;8,7
72181001;LE MANS;51;04;51,1;11,3
72181001;LE MANS;51;05;63,2;14,9
72181001;LE MANS;51;06;55,1;18,2
72181001;LE MANS;51;07;49,4;20,3
72181001;LE MANS;51;08;49,0;20,1
72181001;LE MANS;51;09;50,8;16,7
72181001;LE MANS;51;10;65,5;13,0
72181001;LE MANS;51;11;67,1;8,6
72181001;LE MANS;51;12;75,0;5,9
72181001;LE MANS;51;13;693,4;12,4
73054001;BOURG ST MAURICE;865;01;100,8;1,2
73054001;BOURG ST MAURICE;865;02;75,9;2,5
73054001;BOURG ST MAURICE;865;03;73,8;6,7
73054001;BOURG ST MAURICE;865;04;57,3;10,1
73054001;BOURG ST MAURICE;865;05;83,2;14,2
73054001;BOURG ST MAURICE;865;06;82,0;17,8
73054001;BOURG ST MAURICE;865;07;81,2;19,8
73054001;BOURG ST MAURICE;865;08;78,4;19,5
73054001;BOURG ST MAURICE;865;09;67,7;15,6
73054001;BOURG ST MAURICE;865;10;77,7;11,3
73054001;BOURG ST MAURICE;865;11;83,9;5,6
73054001;BOURG ST MAURICE;865;12;113,7;1,7
73054001;BOURG ST MAURICE;865;13;975,6;10,5
73329001;CHAMBERY-AIX;235;01;102,6;2,9
73329001;CHAMBERY-AIX;235;02;79,1;4,1
73329001;CHAMBERY-AIX;235;03;93,1;8,0
73329001;CHAMBERY-AIX;235;04;87,9;11,4
73329001;CHAMBERY-AIX;235;05;101,0;15,6
73329001;CHAMBERY-AIX;235;06;94,5;19,4
73329001;CHAMBERY-AIX;235;07;91,7;21,4
73329001;CHAMBERY-AIX;235;08;97,6;20,9
73329001;CHAMBERY-AIX;235;09;104,3;16,8
73329001;CHAMBERY-AIX;235;10;113,3;12,3
73329001;CHAMBERY-AIX;235;11;114,6;6,9
73329001;CHAMBERY-AIX;235;12;124,2;3,4
73329001;CHAMBERY-AIX;235;13;1203,9;11,9
74182001;MEYTHET;455;01;94,2;2,1
74182001;MEYTHET;455;02;78,9;3,3
74182001;MEYTHET;455;03;89,9;7,0
74182001;MEYTHET;455;04;96,1;10,6
74182001;MEYTHET;455;05;109,2;14,7
74182001;MEYTHET;455;06;95,1;18,5
74182001;MEYTHET;455;07;101,1;20,5
74182001;MEYTHET;455;08;106,4;20,1
74182001;MEYTHET;455;09;108,3;16,0
74182001;MEYTHET;455;10;109,8;11,8
74182001;MEYTHET;455;11;109,7;6,2
74182001;MEYTHET;455;12;112,5;2,8
74182001;MEYTHET;455;13;1211,2;11,1
75114001;PARIS-MONTSOURIS;75;01;47,6;5,4
75114001;PARIS-MONTSOURIS;75;02;41,8;6,0
75114001;PARIS-MONTSOURIS;75;03;45,2;9,2
75114001;PARIS-MONTSOURIS;75;04;45,8;12,2
75114001;PARIS-MONTSOURIS;75;05;69,0;15,6
75114001;PARIS-MONTSOURIS;75;06;51,3;18,8
75114001;PARIS-MONTSOURIS;75;07;59,4;20,9
75114001;PARIS-MONTSOURIS;75;08;58,0;20,8
75114001;PARIS-MONTSOURIS;75;09;44,7;17,2
75114001;PARIS-MONTSOURIS;75;10;55,2;13,2
75114001;PARIS-MONTSOURIS;75;11;54,3;8,7
75114001;PARIS-MONTSOURIS;75;12;62,0;5,9
75114001;PARIS-MONTSOURIS;75;13;634,3;12,8
76116001;ROUEN-BOOS;156;01;75,6;4,3
76116001;ROUEN-BOOS;156;02;65,0;4,8
76116001;ROUEN-BOOS;156;03;61,6;7,5
76116001;ROUEN-BOOS;156;04;55,9;10,0
76116001;ROUEN-BOOS;156;05;67,2;13,1
76116001;ROUEN-BOOS;156;06;64,3;16,1
76116001;ROUEN-BOOS;156;07;64,4;18,2
76116001;ROUEN-BOOS;156;08;69,8;18,2
76116001;ROUEN-BOOS;156;09;62,1;15,3
76116001;ROUEN-BOOS;156;10;79,4;11,7
76116001;ROUEN-BOOS;156;11;80,4;7,5
76116001;ROUEN-BOOS;156;12;101,8;4,7
76116001;ROUEN-BOOS;156;13;847,5;10,9
76217001;DIEPPE;40;01;63,7;5,6
76217001;DIEPPE;40;02;56,1;5,8
76217001;DIEPPE;40;03;49,4;7,7
76217001;DIEPPE;40;04;52,3;9,7
76217001;DIEPPE;40;05;60,7;12,6
76217001;DIEPPE;40;06;54,8;15,4
76217001;DIEPPE;40;07;58,2;17,4
76217001;DIEPPE;40;08;70,0;17,8
76217001;DIEPPE;40;09;66,9;15,8
76217001;DIEPPE;40;10;89,9;12,8
76217001;DIEPPE;40;11;88,9;9,0
76217001;DIEPPE;40;12;94,3;6,2
76217001;DIEPPE;40;13;805,2;11,3
76481001;OCTEVILLE;90;01;68,0;5,6
76481001;OCTEVILLE;90;02;59,9;5,9
76481001;OCTEVILLE;90;03;53,3;7,7
76481001;OCTEVILLE;90;04;42,7;10,0
76481001;OCTEVILLE;90;05;58,6;13,0
76481001;OCTEVILLE;90;06;57,1;15,8
76481001;OCTEVILLE;90;07;49,5;17,7
76481001;OCTEVILLE;90;08;68,0;18,1
76481001;OCTEVILLE;90;09;65,5;15,9
76481001;OCTEVILLE;90;10;84,6;12,9
76481001;OCTEVILLE;90;11;87,4;9,1
76481001;OCTEVILLE;90;12;96,1;6,3
76481001;OCTEVILLE;90;13;790,7;11,5
77306001;MELUN;91;01;50,9;4,2
77306001;MELUN;91;02;46,0;4,9
77306001;MELUN;91;03;46,6;7,9
77306001;MELUN;91;04;48,8;10,8
77306001;MELUN;91;05;61,9;14,3
77306001;MELUN;91;06;58,1;17,5
77306001;MELUN;91;07;59,4;19,8
77306001;MELUN;91;08;54,2;19,6
77306001;MELUN;91;09;54,0;16,0
77306001;MELUN;91;10;58,5;12,2
77306001;MELUN;91;11;56,3;7,6
77306001;MELUN;91;12;63,2;4,7
77306001;MELUN;91;13;657,9;11,6
78620001;TOUSSUS LE NOBLE;154;01;55,3;4,2
78620001;TOUSSUS LE NOBLE;154;02;46,9;4,7
78620001;TOUSSUS LE NOBLE;154;03;49,5;7,8
78620001;TOUSSUS LE NOBLE;154;04;49,6;10,6
78620001;TOUSSUS LE NOBLE;154;05;68,2;14,1
78620001;TOUSSUS LE NOBLE;154;06;55,4;17,4
78620001;TOUSSUS LE NOBLE;154;07;53,3;19,6
78620001;TOUSSUS LE NOBLE;154;08;58,2;19,4
78620001;TOUSSUS LE NOBLE;154;09;52,1;15,8
78620001;TOUSSUS LE NOBLE;154;10;61,3;11,9
78620001;TOUSSUS LE NOBLE;154;11;60,8;7,4
78620001;TOUSSUS LE NOBLE;154;12;66,4;4,6
78620001;TOUSSUS LE NOBLE;154;13;677,0;11,5
78621001;TRAPPES;167;01;56,2;4,3
78621001;TRAPPES;167;02;49,9;4,9
78621001;TRAPPES;167;03;50,1;7,9
78621001;TRAPPES;167;04;49,9;10,7
78621001;TRAPPES;167;05;66,0;14,1
78621001;TRAPPES;167;06;57,0;17,3
78621001;TRAPPES;167;07;56,3;19,5
78621001;TRAPPES;167;08;56,1;19,4
78621001;TRAPPES;167;09;49,8;16,0
78621001;TRAPPES;167;10;61,8;12,2
78621001;TRAPPES;167;11;61,2;7,6
78621001;TRAPPES;167;12;72,0;4,8
78621001;TRAPPES;167;13;686,3;11,6
78640001;VILLACOUBLAY;174;01;51,0;
78640001;VILLACOUBLAY;174;02;45,5;
78640001;VILLACOUBLAY;174;03;46,4;
78640001;VILLACOUBLAY;174;04;47,9;
78640001;VILLACOUBLAY;174;05;66,9;
78640001;VILLACOUBLAY;174;06;53,7;
78640001;VILLACOUBLAY;174;07;53,8;
78640001;VILLACOUBLAY;174;08;59,3;
78640001;VILLACOUBLAY;174;09;48,3;
78640001;VILLACOUBLAY;174;10;57,6;
78640001;VILLACOUBLAY;174;11;58,4;
78640001;VILLACOUBLAY;174;12;66,7;
78640001;VILLACOUBLAY;174;13;655,5;
79191005;NIORT;57;01;81,9;5,9
79191005;NIORT;57;02;64,1;6,4
79191005;NIORT;57;03;63,4;9,1
79191005;NIORT;57;04;66,7;11,4
79191005;NIORT;57;05;66,5;15,0
79191005;NIORT;57;06;58,8;18,4
79191005;NIORT;57;07;52,0;20,4
79191005;NIORT;57;08;53,4;20,4
79191005;NIORT;57;09;61,7;17,4
79191005;NIORT;57;10;88,4;13,8
79191005;NIORT;57;11;92,3;9,1
79191005;NIORT;57;12;97,4;6,3
79191005;NIORT;57;13;846,6;12,8
80001001;ABBEVILLE;69;01;64,1;4,6
80001001;ABBEVILLE;69;02;53,4;5,0
80001001;ABBEVILLE;69;03;52,8;7,4
80001001;ABBEVILLE;69;04;50,0;9,9
80001001;ABBEVILLE;69;05;60,4;13,0
80001001;ABBEVILLE;69;06;63,3;15,7
80001001;ABBEVILLE;69;07;62,1;17,9
80001001;ABBEVILLE;69;08;80,6;18,1
80001001;ABBEVILLE;69;09;66,6;15,4
80001001;ABBEVILLE;69;10;77,0;12,0
80001001;ABBEVILLE;69;11;84,2;7,9
80001001;ABBEVILLE;69;12;91,7;5,1
80001001;ABBEVILLE;69;13;806,2;11,0
80523001;MEAULTE;107;01;61,2;3,6
80523001;MEAULTE;107;02;49,9;4,2
80523001;MEAULTE;107;03;53,5;7,2
80523001;MEAULTE;107;04;43,3;9,9
80523001;MEAULTE;107;05;58,7;13,2
80523001;MEAULTE;107;06;56,7;16,1
80523001;MEAULTE;107;07;60,7;18,3
80523001;MEAULTE;107;08;64,7;18,5
80523001;MEAULTE;107;09;55,9;15,2
80523001;MEAULTE;107;10;69,6;11,2
80523001;MEAULTE;107;11;72,1;7,0
80523001;MEAULTE;107;12;84,0;4,1
80523001;MEAULTE;107;13;730,3;10,7
81284001;ALBI;172;01;60,7;5,8
81284001;ALBI;172;02;48,6;6,5
81284001;ALBI;172;03;54,8;9,8
81284001;ALBI;172;04;80,4;12,4
81284001;ALBI;172;05;78,9;16,3
81284001;ALBI;172;06;62,7;20,2
81284001;ALBI;172;07;45,8;22,5
81284001;ALBI;172;08;49,0;22,6
81284001;ALBI;172;09;57,1;18,7
81284001;ALBI;172;10;64,9;14,8
81284001;ALBI;172;11;65,5;9,3
81284001;ALBI;172;12;65,5;6,3
81284001;ALBI;172;13;733,9;13,8
82121002;MONTAUBAN;106;01;58,2;5,9
82121002;MONTAUBAN;106;02;44,4;6,8
82121002;MONTAUBAN;106;03;51,0;10,2
82121002;MONTAUBAN;106;04;74,6;12,8
82121002;MONTAUBAN;106;05;71,9;16,5
82121002;MONTAUBAN;106;06;68,1;20,2
82121002;MONTAUBAN;106;07;47,4;22,4
82121002;MONTAUBAN;106;08;55,8;22,5
82121002;MONTAUBAN;106;09;56,1;18,8
82121002;MONTAUBAN;106;10;58,7;14,9
82121002;MONTAUBAN;106;11;63,2;9,5
82121002;MONTAUBAN;106;12;60,8;6,4
82121002;MONTAUBAN;106;13;710,2;13,9
83031001;LE LUC;80;01;72,5;7,5
83031001;LE LUC;80;02;48,1;8,1
83031001;LE LUC;80;03;52,3;11,0
83031001;LE LUC;80;04;67,1;13,8
83031001;LE LUC;80;05;56,4;17,9
83031001;LE LUC;80;06;50,7;22,0
83031001;LE LUC;80;07;16,3;24,9
83031001;LE LUC;80;08;33,7;24,8
83031001;LE LUC;80;09;86,6;20,4
83031001;LE LUC;80;10;128,9;16,3
83031001;LE LUC;80;11;141,0;11,4
83031001;LE LUC;80;12;78,7;8,0
83031001;LE LUC;80;13;832,3;15,5
83069001;HYERES;2;01;73,7;9,2
83069001;HYERES;2;02;51,2;9,2
83069001;HYERES;2;03;44,0;11,3
83069001;HYERES;2;04;55,2;13,5
83069001;HYERES;2;05;39,5;17,1
83069001;HYERES;2;06;36,6;20,8
83069001;HYERES;2;07;7,8;23,4
83069001;HYERES;2;08;14,4;23,6
83069001;HYERES;2;09;57,9;20,5
83069001;HYERES;2;10;105,1;17,1
83069001;HYERES;2;11;108,6;13,0
83069001;HYERES;2;12;74,8;10,1
83069001;HYERES;2;13;668,8;15,7
83069003;ILE DU LEVANT;118;01;63,9;10,2
83069003;ILE DU LEVANT;118;02;51,2;10,2
83069003;ILE DU LEVANT;118;03;48,4;12,1
83069003;ILE DU LEVANT;118;04;56,0;14,1
83069003;ILE DU LEVANT;118;05;36,6;17,5
83069003;ILE DU LEVANT;118;06;22,2;21,3
83069003;ILE DU LEVANT;118;07;7,0;24,1
83069003;ILE DU LEVANT;118;08;14,0;24,5
83069003;ILE DU LEVANT;118;09;58,6;21,3
83069003;ILE DU LEVANT;118;10;86,3;17,7
83069003;ILE DU LEVANT;118;11;103,8;13,8
83069003;ILE DU LEVANT;118;12;73,5;11,1
83069003;ILE DU LEVANT;118;13;621,5;16,5
84007005;AVIGNON;34;01;55,6;6,3
84007005;AVIGNON;34;02;35,6;7,4
84007005;AVIGNON;34;03;36,1;10,8
84007005;AVIGNON;34;04;59,9;13,7
84007005;AVIGNON;34;05;52,3;17,8
84007005;AVIGNON;34;06;35,2;22,1
84007005;AVIGNON;34;07;23,9;24,8
84007005;AVIGNON;34;08;35,0;24,3
84007005;AVIGNON;34;09;91,1;19,9
84007005;AVIGNON;34;10;88,6;15,8
84007005;AVIGNON;34;11;92,0;10,3
84007005;AVIGNON;34;12;43,5;6,7
84007005;AVIGNON;34;13;648,8;15,0
84031001;CARPENTRAS;98;01;46,3;6,1
84031001;CARPENTRAS;98;02;34,2;6,9
84031001;CARPENTRAS;98;03;41,3;10,5
84031001;CARPENTRAS;98;04;61,1;13,6
84031001;CARPENTRAS;98;05;55,6;17,7
84031001;CARPENTRAS;98;06;41,7;21,7
84031001;CARPENTRAS;98;07;25,7;24,4
84031001;CARPENTRAS;98;08;40,6;24,0
84031001;CARPENTRAS;98;09;98,7;19,5
84031001;CARPENTRAS;98;10;87,6;15,3
84031001;CARPENTRAS;98;11;90,8;9,9
84031001;CARPENTRAS;98;12;41,9;6,5
84031001;CARPENTRAS;98;13;665,5;14,7
84087001;ORANGE;57;01;54,8;6,2
84087001;ORANGE;57;02;36,6;7,2
84087001;ORANGE;57;03;44,5;10,8
84087001;ORANGE;57;04;63,0;13,6
84087001;ORANGE;57;05;60,1;17,7
84087001;ORANGE;57;06;37,4;21,9
84087001;ORANGE;57;07;38,4;24,5
84087001;ORANGE;57;08;40,2;24,2
84087001;ORANGE;57;09;105,3;19,7
84087001;ORANGE;57;10;94,5;15,4
84087001;ORANGE;57;11;96,6;10,1
84087001;ORANGE;57;12;48,2;6,7
84087001;ORANGE;57;13;719,6;14,8
85113001;L ILE D YEU;32;01;86,2;
85113001;L ILE D YEU;32;02;63,3;
85113001;L ILE D YEU;32;03;57,8;
85113001;L ILE D YEU;32;04;55,5;
85113001;L ILE D YEU;32;05;51,5;
85113001;L ILE D YEU;32;06;41,6;
85113001;L ILE D YEU;32;07;34,3;
85113001;L ILE D YEU;32;08;45,4;
85113001;L ILE D YEU;32;09;60,9;
85113001;L ILE D YEU;32;10;87,3;
85113001;L ILE D YEU;32;11;98,6;
85113001;L ILE D YEU;32;12;90,9;
85113001;L ILE D YEU;32;13;773,3;
85191003;LA ROCHE SUR YON;90;01;94,8;6,1
85191003;LA ROCHE SUR YON;90;02;70,5;6,4
85191003;LA ROCHE SUR YON;90;03;64,4;8,8
85191003;LA ROCHE SUR YON;90;04;65,9;10,9
85191003;LA ROCHE SUR YON;90;05;62,4;14,3
85191003;LA ROCHE SUR YON;90;06;45,3;17,5
85191003;LA ROCHE SUR YON;90;07;47,9;19,4
85191003;LA ROCHE SUR YON;90;08;52,1;19,5
85191003;LA ROCHE SUR YON;90;09;71,9;16,8
85191003;LA ROCHE SUR YON;90;10;98,7;13,4
85191003;LA ROCHE SUR YON;90;11;108,1;9,2
85191003;LA ROCHE SUR YON;90;12;103,5;6,5
85191003;LA ROCHE SUR YON;90;13;885,5;12,4
86027001;POITIERS-BIARD;125;01;61,1;5,2
86027001;POITIERS-BIARD;125;02;47,3;5,6
86027001;POITIERS-BIARD;125;03;49,1;8,4
86027001;POITIERS-BIARD;125;04;52,8;10,8
86027001;POITIERS-BIARD;125;05;63,9;14,4
86027001;POITIERS-BIARD;125;06;59,6;17,9
86027001;POITIERS-BIARD;125;07;45,5;19,9
86027001;POITIERS-BIARD;125;08;43,3;20,0
86027001;POITIERS-BIARD;125;09;52,9;16,6
86027001;POITIERS-BIARD;125;10;72,4;13,0
86027001;POITIERS-BIARD;125;11;74,8;8,4
86027001;POITIERS-BIARD;125;12;72,6;5,6
86027001;POITIERS-BIARD;125;13;695,3;12,2
87085006;LIMOGES-BELLEGARDE;402;01;90,6;4,6
87085006;LIMOGES-BELLEGARDE;402;02;75,0;5,1
87085006;LIMOGES-BELLEGARDE;402;03;77,8;8,2
87085006;LIMOGES-BELLEGARDE;402;04;87,7;10,6
87085006;LIMOGES-BELLEGARDE;402;05;92,6;14,1
87085006;LIMOGES-BELLEGARDE;402;06;80,0;17,5
87085006;LIMOGES-BELLEGARDE;402;07;62,5;19,5
87085006;LIMOGES-BELLEGARDE;402;08;71,6;19,6
87085006;LIMOGES-BELLEGARDE;402;09;74,9;16,2
87085006;LIMOGES-BELLEGARDE;402;10;94,2;12,7
87085006;LIMOGES-BELLEGARDE;402;11;106,1;7,8
87085006;LIMOGES-BELLEGARDE;402;12;105,0;5,3
87085006;LIMOGES-BELLEGARDE;402;13;1018,0;11,8
89295001;AUXERRE-PERRIGNY;152;01;;
89295001;AUXERRE-PERRIGNY;152;02;;
89295001;AUXERRE-PERRIGNY;152;03;;
89295001;AUXERRE-PERRIGNY;152;04;;
89295001;AUXERRE-PERRIGNY;152;05;;
89295001;AUXERRE-PERRIGNY;152;06;;
89295001;AUXERRE-PERRIGNY;152;07;;
89295001;AUXERRE-PERRIGNY;152;08;;
89295001;AUXERRE-PERRIGNY;152;09;;
89295001;AUXERRE-PERRIGNY;152;10;;
89295001;AUXERRE-PERRIGNY;152;11;;
89295001;AUXERRE-PERRIGNY;152;12;;
89295001;AUXERRE-PERRIGNY;152;13;;
90035001;DORANS;401;01;;
90035001;DORANS;401;02;;
90035001;DORANS;401;03;;
90035001;DORANS;401;04;;
90035001;DORANS;401;05;;
90035001;DORANS;401;06;;
90035001;DORANS;401;07;;
90035001;DORANS;401;08;;
90035001;DORANS;401;09;;
90035001;DORANS;401;10;;
90035001;DORANS;401;11;;
90035001;DORANS;401;12;;
90035001;DORANS;401;13;;
91027002;ORLY;86;01;46,8;4,7
91027002;ORLY;86;02;42,6;5,2
91027002;ORLY;86;03;44,4;8,3
91027002;ORLY;86;04;44,5;11,3
91027002;ORLY;86;05;63,0;14,8
91027002;ORLY;86;06;56,1;18,2
91027002;ORLY;86;07;52,9;20,4
91027002;ORLY;86;08;57,9;20,2
91027002;ORLY;86;09;47,4;16,5
91027002;ORLY;86;10;52,8;12,6
91027002;ORLY;86;11;53,4;7,9
91027002;ORLY;86;12;60,4;5,2
91027002;ORLY;86;13;622,2;12,1
95078001;PONTOISE - AERO;87;01;54,1;4,3
95078001;PONTOISE - AERO;87;02;45,9;4,8
95078001;PONTOISE - AERO;87;03;46,9;7,6
95078001;PONTOISE - AERO;87;04;43,9;10,2
95078001;PONTOISE - AERO;87;05;59,8;13,6
95078001;PONTOISE - AERO;87;06;50,2;16,7
95078001;PONTOISE - AERO;87;07;51,6;18,9
95078001;PONTOISE - AERO;87;08;55,4;18,8
95078001;PONTOISE - AERO;87;09;46,7;15,5
95078001;PONTOISE - AERO;87;10;58,2;11,9
95078001;PONTOISE - AERO;87;11;54,8;7,5
95078001;PONTOISE - AERO;87;12;68,3;4,7
95078001;PONTOISE - AERO;87;13;635,8;11,2
95088001;LE BOURGET;49;01;46,8;4,9
95088001;LE BOURGET;49;02;41,1;5,4
95088001;LE BOURGET;49;03;43,9;8,4
95088001;LE BOURGET;49;04;43,1;11,2
95088001;LE BOURGET;49;05;60,5;14,7
95088001;LE BOURGET;49;06;53,8;18,0
95088001;LE BOURGET;49;07;56,3;20,2
95088001;LE BOURGET;49;08;52,5;20,0
95088001;LE BOURGET;49;09;44,6;16,5
95088001;LE BOURGET;49;10;56,7;12,7
95088001;LE BOURGET;49;11;53,6;8,1
95088001;LE BOURGET;49;12;63,4;5,4
95088001;LE BOURGET;49;13;616,3;12,1
95527001;ROISSY;108;01;57,2;4,7
95527001;ROISSY;108;02;48,0;5,3
95527001;ROISSY;108;03;49,8;8,3
95527001;ROISSY;108;04;47,8;11,2
95527001;ROISSY;108;05;66,5;14,6
95527001;ROISSY;108;06;61,9;17,8
95527001;ROISSY;108;07;59,9;20,1
95527001;ROISSY;108;08;57,8;20,1
95527001;ROISSY;108;09;50,0;16,6
95527001;ROISSY;108;10;60,1;12,7
95527001;ROISSY;108;11;60,4;8,1
95527001;ROISSY;108;12;74,9;5,2
95527001;ROISSY;108;13;694,3;12,1
97101015;LE RAIZET AERO;11;01;89,3;25,0
97101015;LE RAIZET AERO;11;02;58,2;25,0
97101015;LE RAIZET AERO;11;03;72,3;25,4
97101015;LE RAIZET AERO;11;04;98,9;26,3
97101015;LE RAIZET AERO;11;05;122,5;27,3
97101015;LE RAIZET AERO;11;06;105,2;27,9
97101015;LE RAIZET AERO;11;07;134,6;28,0
97101015;LE RAIZET AERO;11;08;162,8;28,1
97101015;LE RAIZET AERO;11;09;198,3;27,8
97101015;LE RAIZET AERO;11;10;202,7;27,4
97101015;LE RAIZET AERO;11;11;186,4;26,5
97101015;LE RAIZET AERO;11;12;126,6;25,6
97101015;LE RAIZET AERO;11;13;1557,8;26,7
97110002;LA DESIRADE METEO;27;01;54,0;
97110002;LA DESIRADE METEO;27;02;36,6;
97110002;LA DESIRADE METEO;27;03;34,9;
97110002;LA DESIRADE METEO;27;04;58,0;
97110002;LA DESIRADE METEO;27;05;95,7;
97110002;LA DESIRADE METEO;27;06;70,3;
97110002;LA DESIRADE METEO;27;07;76,5;
97110002;LA DESIRADE METEO;27;08;98,2;
97110002;LA DESIRADE METEO;27;09;153,4;
97110002;LA DESIRADE METEO;27;10;126,1;
97110002;LA DESIRADE METEO;27;11;132,4;
97110002;LA DESIRADE METEO;27;12;90,2;
97110002;LA DESIRADE METEO;27;13;1026,3;
97123001;ST-BARTHELEMY METEO;44;01;52,6;26,0
97123001;ST-BARTHELEMY METEO;44;02;38,4;25,9
97123001;ST-BARTHELEMY METEO;44;03;41,4;26,3
97123001;ST-BARTHELEMY METEO;44;04;50,9;27,0
97123001;ST-BARTHELEMY METEO;44;05;61,7;27,9
97123001;ST-BARTHELEMY METEO;44;06;56,0;28,6
97123001;ST-BARTHELEMY METEO;44;07;80,4;28,6
97123001;ST-BARTHELEMY METEO;44;08;79,6;28,9
97123001;ST-BARTHELEMY METEO;44;09;96,9;29,0
97123001;ST-BARTHELEMY METEO;44;10;135,6;28,6
97123001;ST-BARTHELEMY METEO;44;11;118,6;27,4
97123001;ST-BARTHELEMY METEO;44;12;79,2;26,5
97123001;ST-BARTHELEMY METEO;44;13;891,3;27,6
97213004;LAMENTIN-AERO;3;01;115,2;25,7
97213004;LAMENTIN-AERO;3;02;81,6;25,6
97213004;LAMENTIN-AERO;3;03;82,3;26,0
97213004;LAMENTIN-AERO;3;04;123,0;26,7
97213004;LAMENTIN-AERO;3;05;137,6;27,6
97213004;LAMENTIN-AERO;3;06;166,6;28,0
97213004;LAMENTIN-AERO;3;07;198,1;27,9
97213004;LAMENTIN-AERO;3;08;257,3;28,1
97213004;LAMENTIN-AERO;3;09;219,3;27,9
97213004;LAMENTIN-AERO;3;10;256,7;27,6
97213004;LAMENTIN-AERO;3;11;260,8;27,0
97213004;LAMENTIN-AERO;3;12;158,1;26,2
97213004;LAMENTIN-AERO;3;13;2056,6;27,0
97230001;TRINITE-CARAVEL;26;01;48,9;
97230001;TRINITE-CARAVEL;26;02;31,5;
97230001;TRINITE-CARAVEL;26;03;37,3;
97230001;TRINITE-CARAVEL;26;04;83,2;
97230001;TRINITE-CARAVEL;26;05;79,2;
97230001;TRINITE-CARAVEL;26;06;83,2;
97230001;TRINITE-CARAVEL;26;07;92,4;
97230001;TRINITE-CARAVEL;26;08;124,0;
97230001;TRINITE-CARAVEL;26;09;117,4;
97230001;TRINITE-CARAVEL;26;10;157,1;
97230001;TRINITE-CARAVEL;26;11;157,7;
97230001;TRINITE-CARAVEL;26;12;69,4;
97230001;TRINITE-CARAVEL;26;13;1081,3;
97307001;CAYENNE-MATOURY;4;01;399,4;26,4
97307001;CAYENNE-MATOURY;4;02;334,8;26,4
97307001;CAYENNE-MATOURY;4;03;315,4;26,7
97307001;CAYENNE-MATOURY;4;04;443,2;26,9
97307001;CAYENNE-MATOURY;4;05;600,0;26,8
97307001;CAYENNE-MATOURY;4;06;392,2;26,8
97307001;CAYENNE-MATOURY;4;07;262,2;26,8
97307001;CAYENNE-MATOURY;4;08;135,4;27,2
97307001;CAYENNE-MATOURY;4;09;63,2;27,4
97307001;CAYENNE-MATOURY;4;10;54,9;27,5
97307001;CAYENNE-MATOURY;4;11;135,2;27,2
97307001;CAYENNE-MATOURY;4;12;352,3;26,7
97307001;CAYENNE-MATOURY;4;13;3488,2;26,9
97308001;SAINT GEORGES;6;01;394,3;26,1
97308001;SAINT GEORGES;6;02;390,0;26,2
97308001;SAINT GEORGES;6;03;375,9;26,4
97308001;SAINT GEORGES;6;04;471,5;26,6
97308001;SAINT GEORGES;6;05;545,9;26,7
97308001;SAINT GEORGES;6;06;331,2;26,7
97308001;SAINT GEORGES;6;07;207,7;26,8
97308001;SAINT GEORGES;6;08;101,5;27,4
97308001;SAINT GEORGES;6;09;41,1;27,8
97308001;SAINT GEORGES;6;10;44,3;28,0
97308001;SAINT GEORGES;6;11;114,7;27,6
97308001;SAINT GEORGES;6;12;294,3;26,8
97308001;SAINT GEORGES;6;13;3312,4;26,9
97311001;SAINT LAURENT;5;01;230,3;
97311001;SAINT LAURENT;5;02;193,1;
97311001;SAINT LAURENT;5;03;165,8;
97311001;SAINT LAURENT;5;04;288,5;
97311001;SAINT LAURENT;5;05;402,2;
97311001;SAINT LAURENT;5;06;330,3;
97311001;SAINT LAURENT;5;07;214,7;
97311001;SAINT LAURENT;5;08;156,5;
97311001;SAINT LAURENT;5;09;80,4;
97311001;SAINT LAURENT;5;10;80,1;
97311001;SAINT LAURENT;5;11;140,0;
97311001;SAINT LAURENT;5;12;229,2;
97311001;SAINT LAURENT;5;13;2511,1;
97353001;MARIPASOULA;106;01;223,1;26,8
97353001;MARIPASOULA;106;02;235,3;26,8
97353001;MARIPASOULA;106;03;238,7;27,1
97353001;MARIPASOULA;106;04;284,7;27,4
97353001;MARIPASOULA;106;05;354,0;27,4
97353001;MARIPASOULA;106;06;280,8;27,3
97353001;MARIPASOULA;106;07;204,8;27,3
97353001;MARIPASOULA;106;08;159,7;27,6
97353001;MARIPASOULA;106;09;58,1;27,9
97353001;MARIPASOULA;106;10;69,8;28,2
97353001;MARIPASOULA;106;11;111,9;28,1
97353001;MARIPASOULA;106;12;194,7;27,4
97353001;MARIPASOULA;106;13;2415,6;27,4
97418110;GILLOT-AEROPORT;8;01;270,2;26,9
97418110;GILLOT-AEROPORT;8;02;279,3;27,0
97418110;GILLOT-AEROPORT;8;03;264,5;26,6
97418110;GILLOT-AEROPORT;8;04;133,4;25,8
97418110;GILLOT-AEROPORT;8;05;95,8;24,2
97418110;GILLOT-AEROPORT;8;06;66,9;22,6
97418110;GILLOT-AEROPORT;8;07;50,9;21,8
97418110;GILLOT-AEROPORT;8;08;54,8;21,9
97418110;GILLOT-AEROPORT;8;09;48,5;22,4
97418110;GILLOT-AEROPORT;8;10;43,3;23,5
97418110;GILLOT-AEROPORT;8;11;62,5;24,7
97418110;GILLOT-AEROPORT;8;12;160,2;26,1
97418110;GILLOT-AEROPORT;8;13;1530,3;24,5
97502001;ST-PIERRE;21;01;104,5;-2,4
97502001;ST-PIERRE;21;02;98,5;-2,9
97502001;ST-PIERRE;21;03;96,7;-1,1
97502001;ST-PIERRE;21;04;88,0;2,1
97502001;ST-PIERRE;21;05;101,3;5,9
97502001;ST-PIERRE;21;06;93,8;9,9
97502001;ST-PIERRE;21;07;97,6;14,4
97502001;ST-PIERRE;21;08;101,0;16,8
97502001;ST-PIERRE;21;09;129,8;14,0
97502001;ST-PIERRE;21;10;134,4;9,3
97502001;ST-PIERRE;21;11;132,5;4,8
97502001;ST-PIERRE;21;12;117,2;0,8
97502001;ST-PIERRE;21;13;1295,3;6,0
98403001;GLORIEUSES;3;01;;
98403001;GLORIEUSES;3;02;;
98403001;GLORIEUSES;3;03;;
98403001;GLORIEUSES;3;04;;
98403001;GLORIEUSES;3;05;;
98403001;GLORIEUSES;3;06;;
98403001;GLORIEUSES;3;07;;
98403001;GLORIEUSES;3;08;;
98403001;GLORIEUSES;3;09;;
98403001;GLORIEUSES;3;10;;
98403001;GLORIEUSES;3;11;;
98403001;GLORIEUSES;3;12;;
98403001;GLORIEUSES;3;13;;
98403002;JUAN DE NOVA;9;01;;28,6
98403002;JUAN DE NOVA;9;02;;28,5
98403002;JUAN DE NOVA;9;03;;
98403002;JUAN DE NOVA;9;04;;28,7
98403002;JUAN DE NOVA;9;05;;27,7
98403002;JUAN DE NOVA;9;06;;26,3
98403002;JUAN DE NOVA;9;07;;
98403002;JUAN DE NOVA;9;08;;25,4
98403002;JUAN DE NOVA;9;09;;26,0
98403002;JUAN DE NOVA;9;10;;27,1
98403002;JUAN DE NOVA;9;11;;28,4
98403002;JUAN DE NOVA;9;12;;29,0
98403002;JUAN DE NOVA;9;13;;
98403003;EUROPA;6;01;;28,5
98403003;EUROPA;6;02;;28,5
98403003;EUROPA;6;03;;28,0
98403003;EUROPA;6;04;;26,6
98403003;EUROPA;6;05;;24,7
98403003;EUROPA;6;06;;23,2
98403003;EUROPA;6;07;;22,5
98403003;EUROPA;6;08;;22,6
98403003;EUROPA;6;09;;23,6
98403003;EUROPA;6;10;;24,9
98403003;EUROPA;6;11;;26,3
98403003;EUROPA;6;12;;
98403003;EUROPA;6;13;;
98403004;TROMELIN;7;01;136,0;28,6
98403004;TROMELIN;7;02;185,9;28,7
98403004;TROMELIN;7;03;155,1;28,6
98403004;TROMELIN;7;04;142,7;28,0
98403004;TROMELIN;7;05;68,5;26,9
98403004;TROMELIN;7;06;60,3;25,3
98403004;TROMELIN;7;07;69,2;24,3
98403004;TROMELIN;7;08;48,4;24,3
98403004;TROMELIN;7;09;50,0;24,7
98403004;TROMELIN;7;10;31,8;25,7
98403004;TROMELIN;7;11;42,7;26,9
98403004;TROMELIN;7;12;83,1;28,1
98403004;TROMELIN;7;13;1073,7;26,7
98404001;KERGUELEN;29;01;52,2;8,4
98404001;KERGUELEN;29;02;44,4;8,6
98404001;KERGUELEN;29;03;59,0;7,9
98404001;KERGUELEN;29;04;64,2;6,3
98404001;KERGUELEN;29;05;70,4;4,0
98404001;KERGUELEN;29;06;69,1;2,8
98404001;KERGUELEN;29;07;69,4;2,2
98404001;KERGUELEN;29;08;60,7;2,4
98404001;KERGUELEN;29;09;56,3;2,9
98404001;KERGUELEN;29;10;46,1;4,1
98404001;KERGUELEN;29;11;50,7;5,4
98404001;KERGUELEN;29;12;51,8;7,2
98404001;KERGUELEN;29;13;694,3;5,2
98404002;NOUVELLE AMSTERDAM;27;01;68,3;17,6
98404002;NOUVELLE AMSTERDAM;27;02;62,7;17,9
98404002;NOUVELLE AMSTERDAM;27;03;100,0;17,2
98404002;NOUVELLE AMSTERDAM;27;04;93,3;15,7
98404002;NOUVELLE AMSTERDAM;27;05;121,5;13,8
98404002;NOUVELLE AMSTERDAM;27;06;114,8;12,3
98404002;NOUVELLE AMSTERDAM;27;07;112,1;11,5
98404002;NOUVELLE AMSTERDAM;27;08;87,8;11,3
98404002;NOUVELLE AMSTERDAM;27;09;74,8;11,9
98404002;NOUVELLE AMSTERDAM;27;10;75,7;12,5
98404002;NOUVELLE AMSTERDAM;27;11;77,0;14,0
98404002;NOUVELLE AMSTERDAM;27;12;70,0;16,1
98404002;NOUVELLE AMSTERDAM;27;13;1058,0;14,3
98404004;CROZET;146;01;;8,1
98404004;CROZET;146;02;;8,5
98404004;CROZET;146;03;;7,8
98404004;CROZET;146;04;;6,8
98404004;CROZET;146;05;;5,2
98404004;CROZET;146;06;;4,2
98404004;CROZET;146;07;;3,7
98404004;CROZET;146;08;;3,4
98404004;CROZET;146;09;;3,5
98404004;CROZET;146;10;;4,3
98404004;CROZET;146;11;;5,2
98404004;CROZET;146;12;;6,6
98404004;CROZET;146;13;;5,6
98508001;PAMANDZI;7;01;282,7;28,1
98508001;PAMANDZI;7;02;221,8;28,1
98508001;PAMANDZI;7;03;213,4;28,2
98508001;PAMANDZI;7;04;95,9;28,2
98508001;PAMANDZI;7;05;32,2;27,5
98508001;PAMANDZI;7;06;19,1;26,2
98508001;PAMANDZI;7;07;10,6;25,1
98508001;PAMANDZI;7;08;10,8;24,7
98508001;PAMANDZI;7;09;21,4;25,3
98508001;PAMANDZI;7;10;41,7;26,6
98508001;PAMANDZI;7;11;81,9;27,6
98508001;PAMANDZI;7;12;170,3;28,1
98508001;PAMANDZI;7;13;1201,8;27,0
98611001;MAOPOOPO;35;01;329,2;28,2
98611001;MAOPOOPO;35;02;354,1;28,2
98611001;MAOPOOPO;35;03;341,3;28,2
98611001;MAOPOOPO;35;04;308,3;27,9
98611001;MAOPOOPO;35;05;262,6;27,4
98611001;MAOPOOPO;35;06;185,6;27,0
98611001;MAOPOOPO;35;07;175,1;26,5
98611001;MAOPOOPO;35;08;181,8;26,5
98611001;MAOPOOPO;35;09;225,6;26,8
98611001;MAOPOOPO;35;10;244,2;27,1
98611001;MAOPOOPO;35;11;324,1;27,6
98611001;MAOPOOPO;35;12;401,7;28,0
98611001;MAOPOOPO;35;13;3333,6;27,5
98613001;HIHIFO;30;01;395,2;27,9
98613001;HIHIFO;30;02;332,1;27,9
98613001;HIHIFO;30;03;309,3;27,9
98613001;HIHIFO;30;04;289,1;28,0
98613001;HIHIFO;30;05;223,8;27,7
98613001;HIHIFO;30;06;179,7;27,5
98613001;HIHIFO;30;07;213,4;27,0
98613001;HIHIFO;30;08;165,3;27,1
98613001;HIHIFO;30;09;219,8;27,3
98613001;HIHIFO;30;10;297,8;27,4
98613001;HIHIFO;30;11;306,2;27,6
98613001;HIHIFO;30;12;347,0;27,9
98613001;HIHIFO;30;13;3278,7;27,6
98714002;BORA-BORA-MOTU-AERO;3;01;245,0;28,2
98714002;BORA-BORA-MOTU-AERO;3;02;211,5;28,3
98714002;BORA-BORA-MOTU-AERO;3;03;168,1;28,6
98714002;BORA-BORA-MOTU-AERO;3;04;143,9;28,4
98714002;BORA-BORA-MOTU-AERO;3;05;112,0;27,7
98714002;BORA-BORA-MOTU-AERO;3;06;85,5;26,9
98714002;BORA-BORA-MOTU-AERO;3;07;61,9;26,5
98714002;BORA-BORA-MOTU-AERO;3;08;63,7;26,4
98714002;BORA-BORA-MOTU-AERO;3;09;64,6;26,7
98714002;BORA-BORA-MOTU-AERO;3;10;108,7;27,2
98714002;BORA-BORA-MOTU-AERO;3;11;138,5;27,9
98714002;BORA-BORA-MOTU-AERO;3;12;250,7;28,0
98714002;BORA-BORA-MOTU-AERO;3;13;1654,1;27,6
98715002;FAAA;2;01;267,6;27,7
98715002;FAAA;2;02;244,5;27,8
98715002;FAAA;2;03;166,5;28,1
98715002;FAAA;2;04;99,2;27,9
98715002;FAAA;2;05;104,1;27,0
98715002;FAAA;2;06;74,5;26,1
98715002;FAAA;2;07;44,1;25,6
98715002;FAAA;2;08;41,3;25,4
98715002;FAAA;2;09;50,1;25,8
98715002;FAAA;2;10;102,7;26,3
98715002;FAAA;2;11;105,1;27,2
98715002;FAAA;2;12;279,1;27,5
98715002;FAAA;2;13;1578,8;26,9
98719005;MANGAREVA;91;01;187,4;25,5
98719005;MANGAREVA;91;02;175,3;25,8
98719005;MANGAREVA;91;03;167,2;26,0
98719005;MANGAREVA;91;04;164,8;24,9
98719005;MANGAREVA;91;05;174,1;23,4
98719005;MANGAREVA;91;06;155,6;22,2
98719005;MANGAREVA;91;07;127,9;21,4
98719005;MANGAREVA;91;08;135,3;21,3
98719005;MANGAREVA;91;09;119,9;21,5
98719005;MANGAREVA;91;10;153,7;22,3
98719005;MANGAREVA;91;11;165,8;23,5
98719005;MANGAREVA;91;12;186,5;24,7
98719005;MANGAREVA;91;13;1913,5;23,5
98720002;HAO AERO;5;01;162,5;27,5
98720002;HAO AERO;5;02;158,5;27,6
98720002;HAO AERO;5;03;108,4;28,1
98720002;HAO AERO;5;04;127,1;
98720002;HAO AERO;5;05;110,4;27,0
98720002;HAO AERO;5;06;101,6;26,0
98720002;HAO AERO;5;07;75,1;25,4
98720002;HAO AERO;5;08;56,6;25,2
98720002;HAO AERO;5;09;83,0;25,4
98720002;HAO AERO;5;10;109,8;25,9
98720002;HAO AERO;5;11;117,5;26,8
98720002;HAO AERO;5;12;171,6;27,2
98720002;HAO AERO;5;13;1382,1;
98723001;HIVA-OA;51;01;134,4;27,3
98723001;HIVA-OA;51;02;116,1;27,6
98723001;HIVA-OA;51;03;178,2;27,8
98723001;HIVA-OA;51;04;170,2;27,6
98723001;HIVA-OA;51;05;135,7;27,1
98723001;HIVA-OA;51;06;151,7;26,4
98723001;HIVA-OA;51;07;151,2;26,0
98723001;HIVA-OA;51;08;121,1;25,8
98723001;HIVA-OA;51;09;87,9;26,2
98723001;HIVA-OA;51;10;87,1;26,6
98723001;HIVA-OA;51;11;94,1;26,9
98723001;HIVA-OA;51;12;68,6;27,2
98723001;HIVA-OA;51;13;1496,3;26,9
98741001;RAPA;2;01;227,2;23,7
98741001;RAPA;2;02;204,9;24,5
98741001;RAPA;2;03;256,3;24,0
98741001;RAPA;2;04;234,8;22,4
98741001;RAPA;2;05;172,2;20,8
98741001;RAPA;2;06;215,4;19,3
98741001;RAPA;2;07;237,5;18,5
98741001;RAPA;2;08;209,0;18,2
98741001;RAPA;2;09;148,1;18,4
98741001;RAPA;2;10;177,8;19,3
98741001;RAPA;2;11;143,1;20,8
98741001;RAPA;2;12;209,6;22,2
98741001;RAPA;2;13;2435,9;21,0
98747011;TAIARAPU-EST;2;01;367,0;27,0
98747011;TAIARAPU-EST;2;02;294,2;27,2
98747011;TAIARAPU-EST;2;03;304,2;
98747011;TAIARAPU-EST;2;04;269,9;27,0
98747011;TAIARAPU-EST;2;05;307,1;26,3
98747011;TAIARAPU-EST;2;06;219,4;25,4
98747011;TAIARAPU-EST;2;07;177,0;25,0
98747011;TAIARAPU-EST;2;08;121,2;24,8
98747011;TAIARAPU-EST;2;09;184,3;25,0
98747011;TAIARAPU-EST;2;10;263,4;25,4
98747011;TAIARAPU-EST;2;11;306,1;26,3
98747011;TAIARAPU-EST;2;12;420,9;26,7
98747011;TAIARAPU-EST;2;13;3234,7;
98749001;TAKAROA;2;01;197,4;28,3
98749001;TAKAROA;2;02;170,9;28,4
98749001;TAKAROA;2;03;128,6;28,8
98749001;TAKAROA;2;04;115,9;28,8
98749001;TAKAROA;2;05;109,6;28,3
98749001;TAKAROA;2;06;92,6;27,5
98749001;TAKAROA;2;07;65,1;27,0
98749001;TAKAROA;2;08;65,9;26,7
98749001;TAKAROA;2;09;83,3;27,0
98749001;TAKAROA;2;10;121,7;27,4
98749001;TAKAROA;2;11;158,5;27,9
98749001;TAKAROA;2;12;219,1;28,1
98749001;TAKAROA;2;13;1528,6;27,9
98812001;KOUMAC;25;01;150,9;
98812001;KOUMAC;25;02;163,3;
98812001;KOUMAC;25;03;157,9;
98812001;KOUMAC;25;04;91,1;
98812001;KOUMAC;25;05;69,5;
98812001;KOUMAC;25;06;72,5;
98812001;KOUMAC;25;07;44,0;
98812001;KOUMAC;25;08;43,5;
98812001;KOUMAC;25;09;24,7;
98812001;KOUMAC;25;10;20,8;
98812001;KOUMAC;25;11;37,4;
98812001;KOUMAC;25;12;79,8;
98812001;KOUMAC;25;13;955,4;
98814001;OUANAHAM;30;01;174,2;26,2
98814001;OUANAHAM;30;02;194,9;26,6
98814001;OUANAHAM;30;03;242,4;26,2
98814001;OUANAHAM;30;04;185,2;24,9
98814001;OUANAHAM;30;05;144,8;22,7
98814001;OUANAHAM;30;06;127,8;21,4
98814001;OUANAHAM;30;07;88,2;20,1
98814001;OUANAHAM;30;08;70,8;20,0
98814001;OUANAHAM;30;09;70,4;21,0
98814001;OUANAHAM;30;10;66,6;22,5
98814001;OUANAHAM;30;11;75,9;23,9
98814001;OUANAHAM;30;12;137,8;25,3
98814001;OUANAHAM;30;13;1579,0;23,4
98818001;NOUMEA;69;01;107,2;26,5
98818001;NOUMEA;69;02;128,3;26,9
98818001;NOUMEA;69;03;161,9;26,2
98818001;NOUMEA;69;04;118,3;24,7
98818001;NOUMEA;69;05;89,9;22,9
98818001;NOUMEA;69;06;77,5;21,6
98818001;NOUMEA;69;07;69,8;20,6
98818001;NOUMEA;69;08;67,5;20,5
98818001;NOUMEA;69;09;39,3;21,5
98818001;NOUMEA;69;10;36,3;22,9
98818001;NOUMEA;69;11;44,2;24,3
98818001;NOUMEA;69;12;64,0;25,8
98818001;NOUMEA;69;13;1004,2;23,7
98821001;LA TONTOUTA;37;01;94,9;26,6
98821001;LA TONTOUTA;37;02;122,0;26,9
98821001;LA TONTOUTA;37;03;133,9;26,1
98821001;LA TONTOUTA;37;04;73,0;24,4
98821001;LA TONTOUTA;37;05;64,2;22,3
98821001;LA TONTOUTA;37;06;64,1;20,7
98821001;LA TONTOUTA;37;07;57,9;19,5
98821001;LA TONTOUTA;37;08;65,9;19,6
98821001;LA TONTOUTA;37;09;28,3;20,8
98821001;LA TONTOUTA;37;10;23,9;22,7
98821001;LA TONTOUTA;37;11;40,4;24,3
98821001;LA TONTOUTA;37;12;83,4;25,9
98821001;LA TONTOUTA;37;13;851,9;23,3
